12 12 1984 03 16 00     165.704030  12 12 1984 14 18 49
12 13 1984 03 06 26     168.176115  12 13 1984 14 19 09
12 14 1984 02 55 39     170.881075  12 14 1984 14 19 10
12 15 1984 02 44 52     173.586791  12 15 1984 14 19 12
12 16 1984 02 34 04     176.292629  12 16 1984 14 19 14
12 17 1984 02 23 17     178.997466  12 17 1984 14 19 16
12 18 1984 02 12 30    -178.297578  12 17 1984 14 19 18
12 19 1984 02 01 42    -175.592737  12 18 1984 14 19 20
12 20 1984 01 50 55    -172.888009  12 19 1984 14 19 22
12 21 1984 03 22 13     164.298318  12 21 1984 14 19 24
12 22 1984 03 11 26     167.003797  12 22 1984 14 19 26
12 23 1984 03 00 38     169.709730  12 23 1984 14 19 28
12 24 1984 02 49 51     172.415446  12 24 1984 14 19 30
12 25 1984 02 39 03     175.121248  12 25 1984 14 19 32
12 26 1984 02 28 16     177.826969  12 26 1984 14 19 35
12 27 1984 02 17 29    -179.467619  12 26 1984 14 19 37
12 28 1984 02 06 42    -176.762224  12 27 1984 14 19 39
12 29 1984 01 55 54    -174.056844  12 28 1984 14 19 41
12 30 1984 01 45 07    -171.351479  12 29 1984 14 19 43
12 31 1984 03 16 25     165.834570  12 31 1984 14 19 45
01 01 1985 03 05 37     168.540226  01 01 1985 14 19 47
01 02 1985 02 54 50     171.245907  01 02 1985 14 19 49
01 03 1985 02 44 03     173.951614  01 03 1985 14 19 51
01 04 1985 02 33 15     176.657350  01 04 1985 14 19 53
01 05 1985 02 22 28     179.363114  01 05 1985 14 19 55
01 06 1985 02 11 41    -177.931091  01 05 1985 14 19 57
01 07 1985 02 00 53    -175.225265  01 06 1985 14 19 59
01 08 1985 01 50 06    -172.519405  01 07 1985 14 20 01
01 09 1985 03 21 24     164.665482  01 09 1985 14 20 03
01 10 1985 03 10 36     167.374454  01 10 1985 14 20 06
01 11 1985 02 59 49     170.080125  01 11 1985 14 20 08
01 12 1985 02 49 01     172.785827  01 12 1985 14 20 10
01 13 1985 02 38 14     175.491559  01 13 1985 14 20 12
01 14 1985 02 27 27     178.197323  01 14 1985 14 20 14
01 15 1985 02 16 40    -179.096879  01 14 1985 14 20 16
01 16 1985 02 05 52    -176.391046  01 15 1985 14 20 18
01 17 1985 01 55 05    -173.685176  01 16 1985 14 20 20
01 18 1985 01 44 18    -170.979268  01 17 1985 14 20 22
01 19 1985 03 15 35     166.205455  01 19 1985 14 20 24
01 20 1985 03 04 47     168.911723  01 20 1985 14 20 26
01 21 1985 02 54 00     171.618032  01 21 1985 14 20 28
01 22 1985 02 43 13     174.327561  01 22 1985 14 20 31
01 23 1985 02 32 25     177.034141  01 23 1985 14 20 33
01 24 1985 02 21 38     179.740768  01 24 1985 14 20 35
01 25 1985 02 10 50    -177.552557  01 24 1985 14 20 38
01 26 1985 02 00 03    -174.845833  01 25 1985 14 20 40
01 27 1985 01 49 15    -172.139058  01 26 1985 14 20 42
01 28 1985 03 20 33     165.046828  01 28 1985 14 20 44
01 29 1985 03 09 45     167.753710  01 29 1985 14 20 46
01 30 1985 02 58 58     170.460211  01 30 1985 14 20 48
01 31 1985 02 48 10     173.167080  01 31 1985 14 20 51
02 01 1985 02 37 23     175.874005  02 01 1985 14 20 53
02 02 1985 02 26 35     178.580987  02 02 1985 14 20 55
02 03 1985 02 15 48    -178.711974  02 02 1985 14 20 57
02 04 1985 02 05 00    -176.004876  02 03 1985 14 20 59
02 05 1985 01 54 13    -173.297719  02 04 1985 14 21 01
02 06 1985 01 43 25    -170.590502  02 05 1985 14 21 03
02 07 1985 03 14 43     166.595868  02 07 1985 14 21 06
02 08 1985 03 03 55     169.303210  02 08 1985 14 21 08
02 09 1985 02 53 07     172.010613  02 09 1985 14 21 10
02 10 1985 02 42 20     174.718077  02 10 1985 14 21 12
02 11 1985 02 31 32     177.430257  02 11 1985 14 21 15
02 12 1985 02 20 44    -179.862106  02 11 1985 14 21 17
02 13 1985 02 09 56    -177.154406  02 12 1985 14 21 19
02 14 1985 01 59 09    -174.446645  02 13 1985 14 21 22
02 15 1985 01 48 21    -171.738822  02 14 1985 14 21 24
02 16 1985 03 19 38     165.448201  02 16 1985 14 21 26
02 17 1985 03 08 51     168.156152  02 17 1985 14 21 28
02 18 1985 02 58 03     170.864166  02 18 1985 14 21 30
02 19 1985 02 47 15     173.572240  02 19 1985 14 21 32
02 20 1985 02 36 27     176.280375  02 20 1985 14 21 35
02 21 1985 02 25 40     178.988571  02 21 1985 14 21 37
02 22 1985 02 14 52    -178.303173  02 21 1985 14 21 39
02 23 1985 02 04 04    -175.594858  02 22 1985 14 21 41
02 24 1985 01 53 16    -172.886485  02 23 1985 14 21 43
02 25 1985 01 42 28    -170.178053  02 24 1985 14 21 45
02 26 1985 03 13 45     167.009616  02 26 1985 14 21 48
02 27 1985 03 02 58     169.718165  02 27 1985 14 21 50
02 28 1985 02 52 10     172.426769  02 28 1985 14 21 52
03 01 1985 02 41 22     175.135428  03 01 1985 14 21 54
03 02 1985 02 30 34     177.844140  03 02 1985 14 21 56
03 03 1985 02 19 46    -179.447096  03 02 1985 14 21 59
03 04 1985 02 08 58    -176.738281  03 03 1985 14 22 01
03 05 1985 01 58 10    -174.029416  03 04 1985 14 22 03
03 06 1985 01 47 22    -171.320503  03 05 1985 14 22 05
03 07 1985 03 18 39     165.867672  03 07 1985 14 22 07
03 08 1985 03 07 51     168.576682  03 08 1985 14 22 09
03 09 1985 02 57 03     171.285736  03 09 1985 14 22 12
03 10 1985 02 46 15     173.994834  03 10 1985 14 22 14
03 11 1985 02 35 27     176.703974  03 11 1985 14 22 16
03 12 1985 02 24 39     179.424760  03 12 1985 14 22 20
03 13 1985 02 13 51    -177.865404  03 12 1985 14 22 23
03 14 1985 02 03 03    -175.155529  03 13 1985 14 22 25
03 15 1985 01 52 14    -172.445617  03 14 1985 14 22 28
03 16 1985 03 23 32     164.743615  03 16 1985 14 22 30
03 17 1985 03 12 44     167.453601  03 17 1985 14 22 32
03 18 1985 03 01 55     170.163620  03 18 1985 14 22 35
03 19 1985 02 51 07     172.873670  03 19 1985 14 22 37
03 20 1985 02 40 19     175.583752  03 20 1985 14 22 39
03 21 1985 02 29 31     178.293861  03 21 1985 14 22 42
03 22 1985 02 18 43    -178.996001  03 21 1985 14 22 44
03 23 1985 02 07 55    -176.285838  03 22 1985 14 22 46
03 24 1985 01 57 07    -173.575650  03 23 1985 14 22 49
03 25 1985 01 46 19    -170.865439  03 24 1985 14 22 51
03 26 1985 03 17 36     166.324096  03 26 1985 14 22 54
03 27 1985 03 06 48     169.034351  03 27 1985 14 22 56
03 28 1985 02 56 00     171.744624  03 28 1985 14 22 58
03 29 1985 02 45 12     174.454914  03 29 1985 14 23 01
03 30 1985 02 34 23     177.165221  03 30 1985 14 23 03
03 31 1985 02 23 35     179.875542  03 31 1985 14 23 05
04 01 1985 02 12 47    -177.414122  03 31 1985 14 23 08
04 02 1985 02 01 59    -174.703775  04 01 1985 14 23 10
04 03 1985 01 51 11    -171.993416  04 02 1985 14 23 12
04 04 1985 03 22 28     165.196950  04 04 1985 14 23 15
04 05 1985 03 11 40     167.907372  04 05 1985 14 23 17
04 06 1985 03 00 52     170.617802  04 06 1985 14 23 20
04 07 1985 02 50 03     173.328239  04 07 1985 14 23 22
04 08 1985 02 39 15     176.038683  04 08 1985 14 23 25
04 09 1985 02 28 27     178.749132  04 09 1985 14 23 27
04 10 1985 02 17 39    -178.540415  04 09 1985 14 23 29
04 11 1985 02 06 51    -175.829957  04 10 1985 14 23 32
04 12 1985 01 56 03    -173.114761  04 11 1985 14 23 35
04 13 1985 01 45 14    -170.404109  04 12 1985 14 23 37
04 14 1985 03 16 31     166.785880  04 14 1985 14 23 40
04 15 1985 03 05 43     169.496538  04 15 1985 14 23 42
04 16 1985 02 54 55     172.207199  04 16 1985 14 23 45
04 17 1985 02 44 07     174.917862  04 17 1985 14 23 47
04 18 1985 02 33 19     177.628527  04 18 1985 14 23 50
04 19 1985 02 22 31    -179.660807  04 18 1985 14 23 52
04 20 1985 02 11 42    -176.950138  04 19 1985 14 23 54
04 21 1985 02 00 54    -174.239468  04 20 1985 14 23 57
04 22 1985 01 50 06    -171.528797  04 21 1985 14 23 59
04 23 1985 03 21 23     165.661211  04 23 1985 14 24 02
04 24 1985 03 10 35     168.374291  04 24 1985 14 24 05
04 25 1985 02 59 47     171.085077  04 25 1985 14 24 07
04 26 1985 02 48 59     173.795867  04 26 1985 14 24 10
04 27 1985 02 38 11     176.506660  04 27 1985 14 24 12
04 28 1985 02 27 22     179.217458  04 28 1985 14 24 15
04 29 1985 02 16 34    -178.071740  04 28 1985 14 24 17
04 30 1985 02 05 46    -175.360932  04 29 1985 14 24 20
05 01 1985 01 54 58    -172.650117  04 30 1985 14 24 22
05 02 1985 01 44 10    -169.939296  05 01 1985 14 24 24
05 03 1985 03 15 27     167.250878  05 03 1985 14 24 27
05 04 1985 03 04 39     169.961716  05 04 1985 14 24 30
05 05 1985 02 53 51     172.672564  05 05 1985 14 24 32
05 06 1985 02 43 02     175.383423  05 06 1985 14 24 34
05 07 1985 02 32 14     178.094292  05 07 1985 14 24 37
05 08 1985 02 21 26    -179.194825  05 07 1985 14 24 39
05 09 1985 02 10 38    -176.483928  05 08 1985 14 24 42
05 10 1985 01 59 50    -173.773017  05 09 1985 14 24 44
05 11 1985 01 49 02    -171.062090  05 10 1985 14 24 47
05 12 1985 03 20 19     166.128209  05 12 1985 14 24 49
05 13 1985 03 09 30     168.839174  05 13 1985 14 24 52
05 14 1985 02 58 42     171.550158  05 14 1985 14 24 54
05 15 1985 02 47 54     174.261164  05 15 1985 14 24 57
05 16 1985 02 37 06     176.972192  05 16 1985 14 24 59
05 17 1985 02 26 18     179.683245  05 17 1985 14 25 02
05 18 1985 02 15 29    -177.605678  05 17 1985 14 25 04
05 19 1985 02 04 41    -174.894574  05 18 1985 14 25 06
05 20 1985 01 53 53    -172.183442  05 19 1985 14 25 09
05 21 1985 01 43 05    -169.472281  05 20 1985 14 25 11
05 22 1985 03 14 22     167.718283  05 22 1985 14 25 14
05 23 1985 03 03 33     170.429510  05 23 1985 14 25 16
05 24 1985 02 52 45     173.140770  05 24 1985 14 25 19
05 25 1985 02 41 57     175.852065  05 25 1985 14 25 21
05 26 1985 02 31 09     178.563396  05 26 1985 14 25 24
05 27 1985 02 20 20    -178.725235  05 26 1985 14 25 26
05 28 1985 02 09 32    -176.013827  05 27 1985 14 25 29
05 29 1985 01 58 44    -173.302379  05 28 1985 14 25 31
05 30 1985 01 47 55    -170.590889  05 29 1985 14 25 34
05 31 1985 03 19 12     166.600040  05 31 1985 14 25 36
06 01 1985 03 08 24     169.311620  06 01 1985 14 25 39
06 02 1985 02 57 34     172.055209  06 02 1985 14 25 47
06 03 1985 02 46 45     174.767540  06 03 1985 14 25 50
06 04 1985 02 35 57     177.479923  06 04 1985 14 25 52
06 05 1985 02 25 09    -179.807643  06 04 1985 14 25 55
06 06 1985 02 14 20    -177.095155  06 05 1985 14 25 58
06 07 1985 02 03 32    -174.382613  06 06 1985 14 26 00
06 08 1985 01 52 44    -171.670016  06 07 1985 14 26 03
06 09 1985 03 24 01     165.522115  06 09 1985 14 26 06
06 10 1985 03 13 12     168.234830  06 10 1985 14 26 08
06 11 1985 03 02 24     170.947604  06 11 1985 14 26 11
06 12 1985 02 51 35     173.660436  06 12 1985 14 26 14
06 13 1985 02 40 47     176.373327  06 13 1985 14 26 16
06 14 1985 02 29 58     179.086279  06 14 1985 14 26 19
06 15 1985 02 19 10    -178.200708  06 14 1985 14 26 22
06 16 1985 02 08 21    -175.487634  06 15 1985 14 26 24
06 17 1985 01 57 33    -172.774499  06 16 1985 14 26 27
06 18 1985 01 46 44    -170.061301  06 17 1985 14 26 30
06 19 1985 03 18 01     167.131480  06 19 1985 14 26 33
06 20 1985 03 07 12     169.844806  06 20 1985 14 26 35
06 21 1985 02 56 24     172.558196  06 21 1985 14 26 38
06 22 1985 02 45 35     175.271648  06 22 1985 14 26 40
06 23 1985 02 34 47     177.985162  06 23 1985 14 26 43
06 24 1985 02 23 58    -179.301261  06 23 1985 14 26 46
06 25 1985 02 13 09    -176.587622  06 24 1985 14 26 48
06 26 1985 02 02 21    -173.873921  06 25 1985 14 26 51
06 27 1985 01 51 32    -171.160158  06 26 1985 14 26 54
06 28 1985 03 22 49     166.033226  06 28 1985 14 26 57
06 29 1985 03 12 00     168.747115  06 29 1985 14 26 59
06 30 1985 03 01 11     171.461064  06 30 1985 14 27 02
07 01 1985 02 50 23     174.175071  07 01 1985 14 27 05
07 02 1985 02 39 34     176.889138  07 02 1985 14 27 07
07 03 1985 02 28 45     179.603262  07 03 1985 14 27 10
07 04 1985 02 17 56    -177.682557  07 03 1985 14 27 13
07 05 1985 02 07 08    -174.968319  07 04 1985 14 27 15
07 06 1985 01 56 19    -172.254027  07 05 1985 14 27 18
07 07 1985 01 45 30    -169.539681  07 06 1985 14 27 20
07 08 1985 03 16 46     167.654321  07 08 1985 14 27 23
07 09 1985 03 05 57     170.368775  07 09 1985 14 27 26
07 10 1985 02 55 09     173.083281  07 10 1985 14 27 29
07 11 1985 02 44 20     175.799298  07 11 1985 14 27 32
07 12 1985 02 33 31     178.513803  07 12 1985 14 27 35
07 13 1985 02 22 43    -178.771643  07 12 1985 14 27 37
07 14 1985 02 11 54    -176.057043  07 13 1985 14 27 40
07 15 1985 02 01 05    -173.342397  07 14 1985 14 27 43
07 16 1985 01 50 16    -170.627708  07 15 1985 14 27 45
07 17 1985 03 21 32     166.566650  07 17 1985 14 27 48
07 18 1985 03 10 43     169.281427  07 18 1985 14 27 51
07 19 1985 02 59 54     171.996243  07 19 1985 14 27 54
07 20 1985 02 49 06     174.711097  07 20 1985 14 27 56
07 21 1985 02 38 17     177.425988  07 21 1985 14 27 59
07 22 1985 02 27 28    -179.859087  07 21 1985 14 28 02
07 23 1985 02 16 39    -177.144127  07 22 1985 14 28 04
07 24 1985 02 05 50    -174.429136  07 23 1985 14 28 07
07 25 1985 01 55 01    -171.714114  07 24 1985 14 28 09
07 26 1985 01 44 12    -168.999063  07 25 1985 14 28 12
07 27 1985 03 15 28     168.198049  07 27 1985 14 28 16
07 28 1985 03 04 39     170.913013  07 28 1985 14 28 18
07 29 1985 02 53 50     173.627990  07 29 1985 14 28 21
07 30 1985 02 43 02     176.342978  07 30 1985 14 28 24
07 31 1985 02 32 13     179.057975  07 31 1985 14 28 27
08 01 1985 02 21 24    -178.227020  07 31 1985 14 28 29
08 02 1985 02 10 35    -175.512007  08 01 1985 14 28 32
08 03 1985 01 59 46    -172.796990  08 02 1985 14 28 35
08 04 1985 01 48 57    -170.081968  08 03 1985 14 28 37
08 05 1985 03 20 13     167.112701  08 05 1985 14 28 40
08 06 1985 03 09 24     169.827726  08 06 1985 14 28 43
08 07 1985 02 58 35     172.542752  08 07 1985 14 28 46
08 08 1985 02 47 46     175.257777  08 08 1985 14 28 48
08 09 1985 02 36 57     177.972799  08 09 1985 14 28 51
08 10 1985 02 26 08    -179.309176  08 09 1985 14 28 54
08 11 1985 02 15 19    -176.593990  08 10 1985 14 28 57
08 12 1985 02 04 30    -173.878805  08 11 1985 14 29 00
08 13 1985 01 53 41    -171.163622  08 12 1985 14 29 02
08 14 1985 01 42 53    -168.448441  08 13 1985 14 29 05
08 15 1985 03 14 09     168.746391  08 15 1985 14 29 08
08 16 1985 03 03 20     171.461564  08 16 1985 14 29 11
08 17 1985 02 52 31     174.176733  08 17 1985 14 29 13
08 18 1985 02 41 42     176.891895  08 18 1985 14 29 16
08 19 1985 02 30 53     179.607471  08 19 1985 14 29 19
08 20 1985 02 20 04    -177.677344  08 19 1985 14 29 21
08 21 1985 02 09 15    -174.962178  08 20 1985 14 29 24
08 22 1985 01 58 26    -172.247017  08 21 1985 14 29 27
08 23 1985 01 47 22    -169.460693  08 22 1985 14 29 31
08 24 1985 03 18 52     167.676656  08 24 1985 14 29 34
08 25 1985 03 08 03     170.388709  08 25 1985 14 29 37
08 26 1985 02 57 15     173.098488  08 26 1985 14 29 39
08 27 1985 02 46 26     175.814053  08 27 1985 14 29 42
08 28 1985 02 35 38     178.528960  08 28 1985 14 29 45
08 29 1985 02 24 49    -178.756206  08 28 1985 14 29 47
08 30 1985 02 14 00    -176.041379  08 29 1985 14 29 50
08 31 1985 02 03 11    -173.326559  08 30 1985 14 29 53
09 01 1985 01 52 22    -170.608749  08 31 1985 14 29 56
09 02 1985 03 23 38     166.586046  09 02 1985 14 29 59
09 03 1985 03 12 49     169.301219  09 03 1985 14 30 02
09 04 1985 03 02 00     172.016425  09 04 1985 14 30 04
09 05 1985 02 51 12     174.733344  09 05 1985 14 30 08
09 06 1985 02 40 23     177.448678  09 06 1985 14 30 10
09 07 1985 02 29 34    -179.835942  09 06 1985 14 30 13
09 08 1985 02 18 45    -177.120517  09 07 1985 14 30 16
09 09 1985 02 07 56    -174.405045  09 08 1985 14 30 19
09 10 1985 01 57 07    -171.689526  09 09 1985 14 30 21
09 11 1985 01 46 18    -168.971687  09 10 1985 14 30 25
09 12 1985 03 17 34     168.223086  09 12 1985 14 30 28
09 13 1985 03 06 45     170.938197  09 13 1985 14 30 31
09 14 1985 02 55 57     173.653302  09 14 1985 14 30 33
09 15 1985 02 45 08     176.368400  09 15 1985 14 30 36
09 16 1985 02 34 19     179.086489  09 16 1985 14 30 39
09 17 1985 02 23 30    -178.197846  09 16 1985 14 30 42
09 18 1985 02 12 41    -175.482119  09 17 1985 14 30 45
09 19 1985 02 01 52    -172.766327  09 18 1985 14 30 48
09 20 1985 01 51 03    -170.050775  09 19 1985 14 30 51
09 21 1985 03 22 19     167.144806  09 21 1985 14 30 54
09 22 1985 03 11 30     169.860750  09 22 1985 14 30 56
09 23 1985 03 00 41     172.576413  09 23 1985 14 31 00
09 24 1985 02 49 52     175.292204  09 24 1985 14 31 02
09 25 1985 02 39 03     178.008045  09 25 1985 14 31 05
09 26 1985 02 28 14    -179.276062  09 25 1985 14 31 08
09 27 1985 02 17 25    -176.560117  09 26 1985 14 31 11
09 28 1985 02 06 36    -173.840065  09 27 1985 14 31 15
09 29 1985 01 55 48    -171.124267  09 28 1985 14 31 18
09 30 1985 01 44 59    -168.408406  09 29 1985 14 31 21
10 01 1985 03 16 15     168.787230  10 01 1985 14 31 24
10 02 1985 03 05 26     171.503225  10 02 1985 14 31 26
10 03 1985 02 54 37     174.219286  10 03 1985 14 31 29
10 04 1985 02 43 47     176.937802  10 04 1985 14 31 33
10 05 1985 02 32 58     179.654010  10 05 1985 14 31 35
10 06 1985 02 22 09    -177.629761  10 05 1985 14 31 38
10 07 1985 02 11 20    -174.913512  10 06 1985 14 31 41
10 08 1985 02 00 31    -172.197241  10 07 1985 14 31 44
10 09 1985 01 49 42    -169.480946  10 08 1985 14 31 47
10 10 1985 03 20 58     167.719662  10 10 1985 14 31 51
10 11 1985 03 10 09     170.436682  10 11 1985 14 31 54
10 12 1985 02 59 20     173.153780  10 12 1985 14 31 57
10 13 1985 02 48 31     175.870958  10 13 1985 14 32 00
10 14 1985 02 37 41     178.588217  10 14 1985 14 32 03
10 15 1985 02 26 52    -178.694443  10 14 1985 14 32 05
10 16 1985 02 16 03    -175.975852  10 15 1985 14 32 09
10 17 1985 02 05 14    -173.258383  10 16 1985 14 32 12
10 18 1985 01 54 25    -170.540842  10 17 1985 14 32 15
10 19 1985 01 43 35    -167.823229  10 18 1985 14 32 18
10 20 1985 03 14 51     169.374595  10 20 1985 14 32 21
10 21 1985 03 04 02     172.092385  10 21 1985 14 32 24
10 22 1985 02 53 12     174.810249  10 22 1985 14 32 27
10 23 1985 02 42 23     177.528188  10 23 1985 14 32 30
10 24 1985 02 31 34    -179.753797  10 23 1985 14 32 33
10 25 1985 02 20 44    -177.035705  10 24 1985 14 32 36
10 26 1985 02 09 55    -174.311562  10 25 1985 14 32 40
10 27 1985 01 59 05    -171.592888  10 26 1985 14 32 43
10 28 1985 01 48 16    -168.874123  10 27 1985 14 32 46
10 29 1985 03 19 31     168.324655  10 29 1985 14 32 49
10 30 1985 03 08 42     171.043608  10 30 1985 14 32 52
10 31 1985 02 57 52     173.762651  10 31 1985 14 32 55
11 01 1985 02 47 03     176.481784  11 01 1985 14 32 58
11 02 1985 02 36 13     179.201008  11 02 1985 14 33 01
11 03 1985 02 25 23    -178.079680  11 02 1985 14 33 04
11 04 1985 02 14 34    -175.360278  11 03 1985 14 33 07
11 05 1985 02 03 44    -172.640789  11 04 1985 14 33 10
11 06 1985 01 52 55    -169.916741  11 05 1985 14 33 15
11 07 1985 01 42 05    -167.196928  11 06 1985 14 33 18
11 08 1985 03 13 20     170.003004  11 08 1985 14 33 21
11 09 1985 03 02 31     172.723063  11 09 1985 14 33 24
11 10 1985 02 51 41     175.443239  11 10 1985 14 33 27
11 11 1985 02 40 51     178.163532  11 11 1985 14 33 30
11 12 1985 02 30 01    -179.116059  11 11 1985 14 33 33
11 13 1985 02 19 11    -176.395536  11 12 1985 14 33 36
11 14 1985 02 08 22    -173.674542  11 13 1985 14 33 40
11 15 1985 01 57 32    -170.954026  11 14 1985 14 33 43
11 16 1985 01 46 42    -168.233443  11 15 1985 14 33 46
11 17 1985 03 17 57     168.967255  11 17 1985 14 33 50
11 18 1985 03 07 07     171.689299  11 18 1985 14 33 53
11 19 1985 02 56 17     174.410303  11 19 1985 14 33 56
11 20 1985 02 45 28     177.132045  11 20 1985 14 33 59
11 21 1985 02 34 38     179.853247  11 21 1985 14 34 02
11 22 1985 02 23 48    -177.425474  11 21 1985 14 34 06
11 23 1985 02 12 58    -174.704120  11 22 1985 14 34 09
11 24 1985 02 02 08    -171.982691  11 23 1985 14 34 12
11 25 1985 01 51 18    -169.261190  11 24 1985 14 34 15
11 26 1985 03 22 33     167.940498  11 26 1985 14 34 18
11 27 1985 03 11 43     170.662145  11 27 1985 14 34 22
11 28 1985 03 00 53     173.388254  11 28 1985 14 34 26
11 29 1985 02 50 03     176.110095  11 29 1985 14 34 29
11 30 1985 02 39 13     178.831960  11 30 1985 14 34 32
12 01 1985 02 28 23    -178.446154  11 30 1985 14 34 35
12 02 1985 02 17 33    -175.724247  12 01 1985 14 34 39
12 03 1985 02 06 42    -173.002321  12 02 1985 14 34 42
12 04 1985 01 55 52    -170.280378  12 03 1985 14 34 45
12 05 1985 01 45 02    -167.558419  12 04 1985 14 34 48
12 06 1985 03 16 17     169.643697  12 06 1985 14 34 52
12 07 1985 03 05 27     172.368604  12 07 1985 14 34 55
12 08 1985 02 54 37     175.091116  12 08 1985 14 34 59
12 09 1985 02 43 47     177.813690  12 09 1985 14 35 02
12 10 1985 02 32 56    -179.464265  12 09 1985 14 35 05
12 11 1985 02 22 06    -176.741747  12 10 1985 14 35 08
12 12 1985 02 11 16    -174.019117  12 11 1985 14 35 12
12 13 1985 02 00 26    -171.296566  12 12 1985 14 35 15
12 14 1985 01 49 36    -168.573983  12 13 1985 14 35 18
12 15 1985 03 20 51     168.628819  12 15 1985 14 35 21
12 16 1985 03 10 00     171.351464  12 16 1985 14 35 25
12 17 1985 02 59 10     174.074137  12 17 1985 14 35 28
12 18 1985 02 48 20     176.796839  12 18 1985 14 35 31
12 19 1985 02 37 30     179.519567  12 19 1985 14 35 34
12 20 1985 02 26 40    -177.757680  12 19 1985 14 35 38
12 21 1985 02 15 49    -175.034901  12 20 1985 14 35 41
12 22 1985 02 04 58    -172.303615  12 21 1985 14 35 45
12 23 1985 01 54 08    -169.580952  12 22 1985 14 35 49
12 24 1985 01 43 18    -166.858198  12 23 1985 14 35 52
12 25 1985 03 14 33     170.344853  12 25 1985 14 35 56
12 26 1985 03 03 43     173.067794  12 26 1985 14 35 59
12 27 1985 02 52 52     175.790825  12 27 1985 14 36 02
12 28 1985 02 42 02     178.513944  12 28 1985 14 36 06
12 29 1985 02 31 12    -178.762847  12 28 1985 14 36 09
12 30 1985 02 20 22    -176.039550  12 29 1985 14 36 12
12 31 1985 02 09 32    -173.316163  12 30 1985 14 36 16
01 01 1986 01 58 41    -170.592687  12 31 1985 14 36 19
01 02 1986 01 47 51    -167.867714  01 01 1986 14 36 23
01 03 1986 03 19 06     169.336440  01 03 1986 14 36 26
01 04 1986 03 08 15     172.060444  01 04 1986 14 36 30
01 05 1986 02 57 25     174.783654  01 05 1986 14 36 33
01 06 1986 02 46 35     177.507085  01 06 1986 14 36 36
01 07 1986 02 35 44    -179.769589  01 06 1986 14 36 40
01 08 1986 02 24 54    -177.046366  01 07 1986 14 36 43
01 09 1986 02 14 04    -174.323246  01 08 1986 14 36 46
01 10 1986 02 03 13    -171.597864  01 09 1986 14 36 50
01 11 1986 01 52 23    -168.873898  01 10 1986 14 36 53
01 12 1986 03 23 38     168.330913  01 12 1986 14 36 57
01 13 1986 03 12 47     171.055196  01 13 1986 14 37 00
01 14 1986 03 01 57     173.778878  01 14 1986 14 37 04
01 15 1986 02 51 07     176.502833  01 15 1986 14 37 07
01 16 1986 02 40 16     179.226792  01 16 1986 14 37 11
01 17 1986 02 29 26    -178.049244  01 16 1986 14 37 14
01 18 1986 02 18 36    -175.325273  01 17 1986 14 37 17
01 19 1986 02 07 45    -172.601294  01 18 1986 14 37 21
01 20 1986 01 56 55    -169.874337  01 19 1986 14 37 25
01 21 1986 01 46 04    -167.150175  01 20 1986 14 37 28
01 22 1986 03 17 19     170.054304  01 22 1986 14 37 32
01 23 1986 03 06 29     172.778506  01 23 1986 14 37 35
01 24 1986 02 55 38     175.502728  01 24 1986 14 37 39
01 25 1986 02 44 48     178.226972  01 25 1986 14 37 42
01 26 1986 02 34 30    -179.181741  01 25 1986 14 37 46
01 27 1986 02 23 16    -176.359789  01 26 1986 14 37 50
01 28 1986 02 12 16    -173.597408  01 27 1986 14 37 53
01 29 1986 02 01 26    -170.875648  01 28 1986 14 37 56
01 30 1986 01 50 35    -168.150407  01 29 1986 14 37 59
01 31 1986 03 21 50     169.055244  01 31 1986 14 38 03
02 01 1986 03 10 59     171.780460  02 01 1986 14 38 07
02 02 1986 03 00 09     174.504586  02 02 1986 14 38 10
02 03 1986 02 49 18     177.229553  02 03 1986 14 38 13
02 04 1986 02 38 28     179.954580  02 04 1986 14 38 17
02 05 1986 02 27 37    -177.320332  02 04 1986 14 38 20
02 06 1986 02 16 47    -174.595179  02 05 1986 14 38 24
02 07 1986 02 05 56    -171.869962  02 06 1986 14 38 27
02 08 1986 01 55 06    -169.144679  02 07 1986 14 38 31
02 09 1986 01 44 15    -166.419328  02 08 1986 14 38 34
02 10 1986 03 15 29     170.786481  02 10 1986 14 38 38
02 11 1986 03 04 39     173.511976  02 11 1986 14 38 41
02 12 1986 02 53 48     176.237542  02 12 1986 14 38 45
02 13 1986 02 42 57     178.963181  02 13 1986 14 38 48
02 14 1986 02 32 07    -178.308488  02 13 1986 14 38 53
02 15 1986 02 21 16    -175.582501  02 14 1986 14 38 56
02 16 1986 02 10 25    -172.856429  02 15 1986 14 39 00
02 17 1986 01 59 34    -170.130270  02 16 1986 14 39 03
02 18 1986 01 48 44    -167.404025  02 17 1986 14 39 07
02 19 1986 03 19 58     169.802764  02 19 1986 14 39 10
02 20 1986 03 09 07     172.529193  02 20 1986 14 39 14
02 21 1986 02 58 16     175.255711  02 21 1986 14 39 18
02 22 1986 02 47 25     177.982320  02 22 1986 14 39 21
02 23 1986 02 36 34    -179.290980  02 22 1986 14 39 25
02 24 1986 02 25 43    -176.564187  02 23 1986 14 39 28
02 25 1986 02 14 53    -173.837483  02 24 1986 14 39 32
02 26 1986 02 04 02    -171.110574  02 25 1986 14 39 35
02 27 1986 01 53 11    -168.383577  02 26 1986 14 39 39
02 28 1986 01 42 20    -165.656491  02 27 1986 14 39 42
03 01 1986 03 13 34     171.551200  03 01 1986 14 39 46
03 02 1986 03 02 43     174.278470  03 02 1986 14 39 50
03 03 1986 02 51 52     177.005828  03 03 1986 14 39 53
03 04 1986 02 41 01     179.735424  03 04 1986 14 39 58
03 05 1986 02 30 10    -177.536161  03 04 1986 14 40 02
03 06 1986 02 19 19    -174.807657  03 05 1986 14 40 05
03 07 1986 02 08 28    -172.079065  03 06 1986 14 40 09
03 08 1986 01 57 37    -169.350384  03 07 1986 14 40 12
03 09 1986 01 46 45    -166.621614  03 08 1986 14 40 16
03 10 1986 03 17 59     170.587880  03 10 1986 14 40 20
03 11 1986 03 07 08     173.316832  03 11 1986 14 40 24
03 12 1986 02 56 16     176.045871  03 12 1986 14 40 27
03 13 1986 02 45 25     178.774996  03 13 1986 14 40 31
03 14 1986 02 34 34    -178.497444  03 13 1986 14 40 35
03 15 1986 02 23 43    -175.768953  03 14 1986 14 40 38
03 16 1986 02 12 52    -173.040467  03 15 1986 14 40 42
03 17 1986 02 02 00    -170.311988  03 16 1986 14 40 46
03 18 1986 01 51 09    -167.580764  03 17 1986 14 40 49
03 19 1986 03 22 22     169.629123  03 19 1986 14 40 53
03 20 1986 03 11 31     172.358447  03 20 1986 14 40 57
03 21 1986 03 00 40     175.087862  03 21 1986 14 41 01
03 22 1986 02 49 48     177.817327  03 22 1986 14 41 04
03 23 1986 02 38 57    -179.453211  03 22 1986 14 41 08
03 24 1986 02 28 05    -176.723677  03 23 1986 14 41 12
03 25 1986 02 17 14    -173.994073  03 24 1986 14 41 15
03 26 1986 02 06 23    -171.264401  03 25 1986 14 41 19
03 27 1986 01 55 31    -168.534661  03 26 1986 14 41 23
03 28 1986 01 44 40    -165.802822  03 27 1986 14 41 27
03 29 1986 03 15 53     171.407950  03 29 1986 14 41 31
03 30 1986 03 05 01     174.138073  03 30 1986 14 41 35
03 31 1986 02 54 10     176.868261  03 31 1986 14 41 38
04 01 1986 02 43 18     179.598626  04 01 1986 14 41 42
04 02 1986 02 32 27    -177.671063  04 01 1986 14 41 46
04 03 1986 02 21 35    -174.940691  04 02 1986 14 41 49
04 04 1986 02 10 44    -172.210260  04 03 1986 14 41 53
04 05 1986 01 59 52    -169.479771  04 04 1986 14 41 57
04 06 1986 01 49 00    -166.749227  04 05 1986 14 42 00
04 07 1986 03 20 14     170.462132  04 07 1986 14 42 04
04 08 1986 03 09 22     173.192789  04 08 1986 14 42 08
04 09 1986 02 58 30     175.923497  04 09 1986 14 42 12
04 10 1986 02 47 39     178.654255  04 10 1986 14 42 16
04 11 1986 02 36 47    -178.608660  04 10 1986 14 42 21
04 12 1986 02 25 56    -175.877033  04 11 1986 14 42 25
04 13 1986 02 15 04    -173.145455  04 12 1986 14 42 29
04 14 1986 02 04 12    -170.413926  04 13 1986 14 42 33
04 15 1986 01 53 20    -167.682448  04 14 1986 14 42 36
04 16 1986 01 42 28    -164.951023  04 15 1986 14 42 40
04 17 1986 03 13 42     172.261159  04 17 1986 14 42 44
04 18 1986 03 02 50     174.992471  04 18 1986 14 42 48
04 19 1986 02 51 58     177.723728  04 19 1986 14 42 52
04 20 1986 02 41 06    -179.545072  04 19 1986 14 42 56
04 21 1986 02 30 15    -176.813931  04 20 1986 14 42 59
04 22 1986 02 19 23    -174.082591  04 21 1986 14 43 03
04 23 1986 02 08 31    -171.351560  04 22 1986 14 43 07
04 24 1986 01 57 39    -168.617354  04 23 1986 14 43 11
04 25 1986 01 46 48    -165.885521  04 24 1986 14 43 15
04 26 1986 03 18 01     171.327241  04 26 1986 14 43 19
04 27 1986 03 07 09     174.059232  04 27 1986 14 43 23
04 28 1986 02 56 17     176.791296  04 28 1986 14 43 27
04 29 1986 02 45 25     179.522721  04 29 1986 14 43 31
04 30 1986 02 34 34    -177.745529  04 29 1986 14 43 35
05 01 1986 02 23 42    -175.013773  04 30 1986 14 43 38
05 02 1986 02 12 50    -172.282012  05 01 1986 14 43 42
05 03 1986 02 01 58    -169.550247  05 02 1986 14 43 46
05 04 1986 01 51 06    -166.816699  05 03 1986 14 43 50
05 05 1986 03 22 19     170.396254  05 05 1986 14 43 54
05 06 1986 03 11 27     173.128376  05 06 1986 14 43 58
05 07 1986 03 00 35     175.860530  05 07 1986 14 44 02
05 08 1986 02 49 44     178.592716  05 08 1986 14 44 06
05 09 1986 02 38 52    -178.675065  05 08 1986 14 44 10
05 10 1986 02 28 00    -175.942815  05 09 1986 14 44 14
05 11 1986 02 17 08    -173.210532  05 10 1986 14 44 17
05 12 1986 02 06 16    -170.478217  05 11 1986 14 44 21
05 13 1986 01 55 24    -167.745869  05 12 1986 14 44 25
05 14 1986 01 44 32    -165.013489  05 13 1986 14 44 29
05 15 1986 03 15 45     172.199814  05 15 1986 14 44 33
05 16 1986 03 04 53     174.932264  05 16 1986 14 44 37
05 17 1986 02 54 01     177.664749  05 17 1986 14 44 41
05 18 1986 02 43 09    -179.602731  05 17 1986 14 44 45
05 19 1986 02 32 17    -176.870174  05 18 1986 14 44 49
05 20 1986 02 21 25    -174.137582  05 19 1986 14 44 52
05 21 1986 02 10 33    -171.404952  05 20 1986 14 44 56
05 22 1986 01 59 41    -168.672285  05 21 1986 14 45 00
05 23 1986 01 48 49    -165.939578  05 22 1986 14 45 04
05 24 1986 03 20 03     171.283207  05 24 1986 14 45 11
05 25 1986 03 09 12     174.016225  05 25 1986 14 45 15
05 26 1986 02 58 20     176.749237  05 26 1986 14 45 19
05 27 1986 02 47 28     179.482243  05 27 1986 14 45 23
05 28 1986 02 36 36    -177.784755  05 27 1986 14 45 27
05 29 1986 02 25 44    -175.051756  05 28 1986 14 45 31
05 30 1986 02 14 52    -172.318760  05 29 1986 14 45 35
05 31 1986 02 04 00    -169.585763  05 30 1986 14 45 39
06 01 1986 01 53 08    -166.852766  05 31 1986 14 45 43
06 02 1986 01 42 16    -164.119766  06 01 1986 14 45 47
06 03 1986 03 13 29     173.094166  06 03 1986 14 45 51
06 04 1986 03 02 37     175.827175  06 04 1986 14 45 55
06 05 1986 02 51 45     178.560190  06 05 1986 14 45 59
06 06 1986 02 40 53    -178.706786  06 05 1986 14 46 03
06 07 1986 02 30 01    -175.973753  06 06 1986 14 46 07
06 08 1986 02 19 09    -173.240708  06 07 1986 14 46 11
06 09 1986 02 08 17    -170.507652  06 08 1986 14 46 15
06 10 1986 01 57 25    -167.774581  06 09 1986 14 46 19
06 11 1986 01 46 33    -165.041495  06 10 1986 14 46 23
06 12 1986 03 17 46     172.172545  06 12 1986 14 46 27
06 13 1986 03 06 53     174.908892  06 13 1986 14 46 31
06 14 1986 02 56 01     177.642496  06 14 1986 14 46 35
06 15 1986 02 45 09    -179.623838  06 14 1986 14 46 39
06 16 1986 02 34 17    -176.890401  06 15 1986 14 46 43
06 17 1986 02 23 25    -174.156664  06 16 1986 14 46 47
06 18 1986 02 12 32    -171.422865  06 17 1986 14 46 51
06 19 1986 02 01 40    -168.687103  06 18 1986 14 46 55
06 20 1986 01 50 48    -165.953074  06 19 1986 14 46 59
06 21 1986 03 22 01     171.262034  06 21 1986 14 47 04
06 22 1986 03 11 09     173.996206  06 22 1986 14 47 08
06 23 1986 03 00 16     176.730449  06 23 1986 14 47 12
06 24 1986 02 49 24     179.464764  06 24 1986 14 47 16
06 25 1986 02 38 32    -177.800849  06 24 1986 14 47 20
06 26 1986 02 27 40    -175.066388  06 25 1986 14 47 24
06 27 1986 02 16 47    -172.331852  06 26 1986 14 47 28
06 28 1986 02 05 55    -169.597240  06 27 1986 14 47 32
06 29 1986 01 55 03    -166.862553  06 28 1986 14 47 36
06 30 1986 01 44 10    -164.127789  06 29 1986 14 47 39
07 01 1986 03 15 23     173.088117  07 01 1986 14 47 44
07 02 1986 03 04 30     175.823042  07 02 1986 14 47 48
07 03 1986 02 53 38     178.558046  07 03 1986 14 47 52
07 04 1986 02 42 45    -178.706870  07 03 1986 14 47 56
07 05 1986 02 31 53    -175.971707  07 04 1986 14 48 00
07 06 1986 02 21 00    -173.236465  07 05 1986 14 48 04
07 07 1986 02 10 08    -170.501143  07 06 1986 14 48 08
07 08 1986 01 59 15    -167.765740  07 07 1986 14 48 12
07 09 1986 01 48 23    -165.030258  07 08 1986 14 48 16
07 10 1986 03 19 35     172.186420  07 10 1986 14 48 20
07 11 1986 03 08 43     174.922068  07 11 1986 14 48 24
07 12 1986 02 57 50     177.657796  07 12 1986 14 48 28
07 13 1986 02 46 57    -179.606396  07 12 1986 14 48 32
07 14 1986 02 36 05    -176.870509  07 13 1986 14 48 36
07 15 1986 02 25 12    -174.134544  07 14 1986 14 48 40
07 16 1986 02 14 19    -171.398499  07 15 1986 14 48 44
07 17 1986 02 03 27    -168.662377  07 16 1986 14 48 48
07 18 1986 01 52 34    -165.926177  07 17 1986 14 48 52
07 19 1986 03 23 46     171.291265  07 19 1986 14 48 56
07 20 1986 03 12 55     174.035932  07 20 1986 14 49 03
07 21 1986 03 02 02     176.771752  07 21 1986 14 49 07
07 22 1986 02 51 10     179.507692  07 22 1986 14 49 11
07 23 1986 02 40 17    -177.756248  07 22 1986 14 49 16
07 24 1986 02 29 24    -175.020070  07 23 1986 14 49 20
07 25 1986 02 18 32    -172.283774  07 24 1986 14 49 24
07 26 1986 02 07 39    -169.547362  07 25 1986 14 49 28
07 27 1986 01 56 46    -166.810835  07 26 1986 14 49 32
07 28 1986 01 45 54    -164.074193  07 27 1986 14 49 36
07 29 1986 03 17 06     173.143763  07 29 1986 14 49 40
07 30 1986 03 06 13     175.880638  07 30 1986 14 49 44
07 31 1986 02 55 20     178.617624  07 31 1986 14 49 49
08 01 1986 02 44 27    -178.645281  07 31 1986 14 49 53
08 02 1986 02 33 35    -175.908078  08 01 1986 14 49 57
08 03 1986 02 22 42    -173.170768  08 02 1986 14 50 01
08 04 1986 02 11 49    -170.433353  08 03 1986 14 50 05
08 05 1986 02 00 56    -167.695834  08 04 1986 14 50 09
08 06 1986 01 50 03    -164.958212  08 05 1986 14 50 13
08 07 1986 03 21 15     172.260780  08 07 1986 14 50 17
08 08 1986 03 10 22     174.998609  08 08 1986 14 50 22
08 09 1986 02 59 29     177.736535  08 09 1986 14 50 26
08 10 1986 02 48 36    -179.525442  08 09 1986 14 50 30
08 11 1986 02 37 43    -176.787325  08 10 1986 14 50 34
08 12 1986 02 26 50    -174.049114  08 11 1986 14 50 38
08 13 1986 02 15 57    -171.310812  08 12 1986 14 50 42
08 14 1986 02 05 03    -168.572420  08 13 1986 14 50 46
08 15 1986 01 54 10    -165.833939  08 14 1986 14 50 50
08 16 1986 01 43 17    -163.095372  08 15 1986 14 50 54
08 17 1986 03 14 29     174.124616  08 17 1986 14 50 59
08 18 1986 03 03 35     176.863359  08 18 1986 14 51 03
08 19 1986 02 52 43     179.603233  08 19 1986 14 51 08
08 20 1986 02 41 50    -177.657861  08 19 1986 14 51 12
08 21 1986 02 30 57    -174.918875  08 20 1986 14 51 16
08 22 1986 02 20 04    -172.179810  08 21 1986 14 51 20
08 23 1986 02 09 11    -169.437415  08 22 1986 14 51 26
08 24 1986 01 58 19    -166.709459  08 23 1986 14 51 28
08 25 1986 01 47 26    -163.970242  08 24 1986 14 51 33
08 26 1986 03 18 37     173.249281  08 26 1986 14 51 37
08 27 1986 03 07 44     175.987578  08 27 1986 14 51 41
08 28 1986 02 56 51     178.725947  08 28 1986 14 51 45
08 29 1986 02 45 58    -178.536051  08 28 1986 14 51 50
08 30 1986 02 35 05    -175.797833  08 29 1986 14 51 54
08 31 1986 02 24 12    -173.059545  08 30 1986 14 51 58
09 01 1986 02 13 19    -170.321189  08 31 1986 14 52 02
09 02 1986 02 02 26    -167.582030  09 01 1986 14 52 06
09 03 1986 01 51 33    -164.843509  09 02 1986 14 52 10
09 04 1986 03 22 44     172.376409  09 04 1986 14 52 15
09 05 1986 03 11 51     175.115066  09 05 1986 14 52 19
09 06 1986 03 00 58     177.853789  09 06 1986 14 52 23
09 07 1986 02 50 05    -179.405480  09 06 1986 14 52 28
09 08 1986 02 39 12    -176.666654  09 07 1986 14 52 32
09 09 1986 02 28 19    -173.927764  09 08 1986 14 52 36
09 10 1986 02 17 26    -171.188809  09 09 1986 14 52 41
09 11 1986 02 06 33    -168.449893  09 10 1986 14 52 45
09 12 1986 01 55 39    -165.710802  09 11 1986 14 52 49
09 13 1986 01 44 46    -162.971648  09 12 1986 14 52 53
09 14 1986 03 15 58     174.248945  09 14 1986 14 52 57
09 15 1986 03 05 04     176.988231  09 15 1986 14 53 02
09 16 1986 02 54 12     179.729453  09 16 1986 14 53 07
09 17 1986 02 43 19    -177.531670  09 16 1986 14 53 11
09 18 1986 02 32 26    -174.792730  09 17 1986 14 53 15
09 19 1986 02 21 33    -172.053724  09 18 1986 14 53 20
09 20 1986 02 10 39    -169.314654  09 19 1986 14 53 24
09 21 1986 01 59 46    -166.575517  09 20 1986 14 53 28
09 22 1986 01 48 53    -163.836315  09 21 1986 14 53 32
09 23 1986 03 20 05     173.384334  09 23 1986 14 53 37
09 24 1986 03 09 12     176.125289  09 24 1986 14 53 42
09 25 1986 02 58 19     178.864706  09 25 1986 14 53 46
09 26 1986 02 47 25    -178.395808  09 25 1986 14 53 50
09 27 1986 02 36 32    -175.656251  09 26 1986 14 53 55
09 28 1986 02 25 39    -172.916622  09 27 1986 14 53 59
09 29 1986 02 14 46    -170.176922  09 28 1986 14 54 03
09 30 1986 02 03 52    -167.436460  09 29 1986 14 54 08
10 01 1986 01 52 59    -164.696622  09 30 1986 14 54 12
10 02 1986 01 42 06    -161.956710  10 01 1986 14 54 16
10 03 1986 03 13 17     175.264711  10 03 1986 14 54 21
10 04 1986 03 02 24     178.004784  10 04 1986 14 54 25
10 05 1986 02 51 31    -179.254614  10 04 1986 14 54 30
10 06 1986 02 40 38    -176.514970  10 05 1986 14 54 34
10 07 1986 02 29 45    -173.775243  10 06 1986 14 54 39
10 08 1986 02 18 51    -171.035433  10 07 1986 14 54 43
10 09 1986 02 07 58    -168.295537  10 08 1986 14 54 47
10 10 1986 01 57 05    -165.555555  10 09 1986 14 54 52
10 11 1986 01 46 11    -162.812904  10 10 1986 14 54 56
10 12 1986 03 17 23     174.408829  10 12 1986 14 55 01
10 13 1986 03 06 30     177.149207  10 13 1986 14 55 05
10 14 1986 02 55 36     179.889678  10 14 1986 14 55 10
10 15 1986 02 44 43    -177.369757  10 14 1986 14 55 14
10 16 1986 02 33 49    -174.629096  10 15 1986 14 55 18
10 17 1986 02 23 19    -171.983987  10 16 1986 14 55 23
10 18 1986 02 12 26    -169.242818  10 17 1986 14 55 28
10 19 1986 02 01 32    -166.501640  10 18 1986 14 55 32
10 20 1986 01 50 39    -163.760453  10 19 1986 14 55 36
10 21 1986 03 21 50     173.462259  10 21 1986 14 55 41
10 22 1986 03 10 34     176.299423  10 22 1986 14 55 46
10 23 1986 03 00 03     178.944187  10 23 1986 14 55 50
10 24 1986 02 49 10    -178.314319  10 23 1986 14 55 54
10 25 1986 02 38 16    -175.572808  10 24 1986 14 55 59
10 26 1986 02 27 23    -172.831412  10 25 1986 14 56 03
10 27 1986 02 16 29    -170.089438  10 26 1986 14 56 08
10 28 1986 02 05 36    -167.347445  10 27 1986 14 56 12
10 29 1986 01 54 19    -164.508407  10 28 1986 14 56 17
10 30 1986 01 43 48    -161.863393  10 29 1986 14 56 21
10 31 1986 03 14 59     175.360496  10 31 1986 14 56 26
11 01 1986 03 04 06     178.102817  11 01 1986 14 56 30
11 02 1986 02 53 12    -179.152898  11 01 1986 14 56 36
11 03 1986 02 42 19    -176.410080  11 02 1986 14 56 40
11 04 1986 02 31 02    -173.570947  11 03 1986 14 56 45
11 05 1986 02 20 31    -170.924389  11 04 1986 14 56 49
11 06 1986 02 09 37    -168.181308  11 05 1986 14 56 54
11 07 1986 01 58 44    -165.439040  11 06 1986 14 56 58
11 08 1986 01 47 50    -162.695748  11 07 1986 14 57 03
11 09 1986 03 18 38     174.625742  11 09 1986 14 57 08
11 10 1986 03 07 44     177.369280  11 10 1986 14 57 13
11 11 1986 02 57 13    -179.984962  11 10 1986 14 57 17
11 12 1986 02 45 56    -177.145553  11 11 1986 14 57 21
11 13 1986 02 35 25    -174.496168  11 12 1986 14 57 26
11 14 1986 02 24 32    -171.752669  11 13 1986 14 57 31
11 15 1986 02 13 38    -169.008557  11 14 1986 14 57 36
11 16 1986 02 02 21    -166.169972  11 15 1986 14 57 40
11 17 1986 01 51 50    -163.520183  11 16 1986 14 57 45
11 18 1986 03 23 00     173.706045  11 18 1986 14 57 50
11 19 1986 03 12 07     176.446758  11 19 1986 14 57 54
11 20 1986 03 00 50     179.287014  11 20 1986 14 57 59
11 21 1986 02 49 56    -177.968761  11 20 1986 14 58 03
11 22 1986 02 39 25    -175.320884  11 21 1986 14 58 08
11 23 1986 02 28 31    -172.576572  11 22 1986 14 58 12
11 24 1986 02 17 36    -169.832175  11 23 1986 14 58 17
11 25 1986 02 06 42    -167.086814  11 24 1986 14 58 22
11 26 1986 01 55 48    -164.342174  11 25 1986 14 58 26
11 27 1986 01 44 54    -161.597446  11 26 1986 14 58 31
11 28 1986 03 16 04     175.629753  11 28 1986 14 58 36
11 29 1986 03 05 10     178.374715  11 29 1986 14 58 40
11 30 1986 02 53 53    -178.783370  11 29 1986 14 58 45
12 01 1986 02 43 22    -176.135154  11 30 1986 14 58 49
12 02 1986 02 32 28    -173.390010  12 01 1986 14 58 54
12 03 1986 02 21 33    -170.644485  12 02 1986 14 58 59
12 04 1986 02 10 39    -167.899209  12 03 1986 14 59 03
12 05 1986 01 59 44    -165.148072  12 04 1986 14 59 09
12 06 1986 01 48 50    -162.402094  12 05 1986 14 59 13
12 07 1986 03 20 00     174.825881  12 07 1986 14 59 18
12 08 1986 03 09 06     177.572121  12 08 1986 14 59 23
12 09 1986 02 58 11    -179.681515  12 08 1986 14 59 28
12 10 1986 02 47 17    -176.935028  12 09 1986 14 59 32
12 11 1986 02 36 22    -174.188419  12 10 1986 14 59 37
12 12 1986 02 25 28    -171.441691  12 11 1986 14 59 42
12 13 1986 02 14 33    -168.694843  12 12 1986 14 59 46
12 14 1986 02 03 38    -165.947879  12 13 1986 14 59 51
12 15 1986 01 52 22    -163.109363  12 14 1986 14 59 56
12 16 1986 03 23 32     174.118999  12 16 1986 15 00 01
12 17 1986 03 12 38     176.865523  12 17 1986 15 00 05
12 18 1986 03 01 43     179.612095  12 18 1986 15 00 10
12 19 1986 02 50 49    -177.641284  12 18 1986 15 00 15
12 20 1986 02 39 54    -174.894618  12 19 1986 15 00 19
12 21 1986 02 29 00    -172.147907  12 20 1986 15 00 24
12 22 1986 02 18 05    -169.401152  12 21 1986 15 00 29
12 23 1986 02 07 10    -166.654136  12 22 1986 15 00 33
12 24 1986 01 56 16    -163.907267  12 23 1986 15 00 38
12 25 1986 01 45 21    -161.160338  12 24 1986 15 00 43
12 26 1986 03 16 31     176.068561  12 26 1986 15 00 48
12 27 1986 03 05 37     178.815576  12 27 1986 15 00 52
12 28 1986 02 54 42    -178.437369  12 27 1986 15 00 57
12 29 1986 02 44 10    -175.783870  12 28 1986 15 01 02
12 30 1986 02 33 16    -173.036586  12 29 1986 15 01 07
12 31 1986 02 22 21    -170.289265  12 30 1986 15 01 12
01 01 1987 02 11 26    -167.541908  12 31 1986 15 01 16
01 02 1987 02 00 32    -164.794517  01 01 1987 15 01 21
01 03 1987 01 49 37    -162.047093  01 02 1987 15 01 26
01 04 1987 03 20 47     175.182326  01 04 1987 15 01 31
01 05 1987 03 09 52     177.931136  01 05 1987 15 01 36
01 06 1987 02 58 58    -179.321272  01 05 1987 15 01 41
01 07 1987 02 48 03    -176.573107  01 06 1987 15 01 46
01 08 1987 02 37 08    -173.825498  01 07 1987 15 01 50
01 09 1987 02 26 14    -171.077587  01 08 1987 15 01 55
01 10 1987 02 15 19    -168.329927  01 09 1987 15 02 00
01 11 1987 02 04 01    -165.485483  01 10 1987 15 02 05
01 12 1987 01 53 07    -162.737713  01 11 1987 15 02 10
01 13 1987 01 42 12    -159.989884  01 12 1987 15 02 14
01 14 1987 03 13 22     177.240041  01 14 1987 15 02 19
01 15 1987 03 02 50     179.891733  01 15 1987 15 02 24
01 16 1987 02 51 55    -177.360485  01 15 1987 15 02 29
01 17 1987 02 41 01    -174.612610  01 16 1987 15 02 34
01 18 1987 02 30 06    -171.864668  01 17 1987 15 02 38
01 19 1987 02 19 11    -169.116779  01 18 1987 15 02 43
01 20 1987 02 08 16    -166.367952  01 19 1987 15 02 48
01 21 1987 01 57 22    -163.619958  01 20 1987 15 02 53
01 22 1987 01 46 27    -160.871943  01 21 1987 15 02 58
01 23 1987 03 17 37     176.358805  01 23 1987 15 03 03
01 24 1987 03 06 42     179.106894  01 24 1987 15 03 08
01 25 1987 02 55 47    -178.144996  01 24 1987 15 03 13
01 26 1987 02 44 53    -175.396654  01 25 1987 15 03 17
01 27 1987 02 33 58    -172.648508  01 26 1987 15 03 22
01 28 1987 02 23 03    -169.899338  01 27 1987 15 03 27
01 29 1987 02 12 08    -167.151106  01 28 1987 15 03 32
01 30 1987 02 01 14    -164.402850  01 29 1987 15 03 37
01 31 1987 01 50 19    -161.653848  01 30 1987 15 03 42
02 01 1987 03 21 29     175.576525  02 01 1987 15 03 47
02 02 1987 03 10 34     178.324903  02 02 1987 15 03 52
02 03 1987 02 59 39    -178.926146  02 02 1987 15 03 57
02 04 1987 02 48 44    -176.177719  02 03 1987 15 04 02
02 05 1987 02 37 49    -173.429264  02 04 1987 15 04 06
02 06 1987 02 26 55    -170.679515  02 05 1987 15 04 12
02 07 1987 02 16 00    -167.931029  02 06 1987 15 04 16
02 08 1987 02 05 05    -165.182519  02 07 1987 15 04 21
02 09 1987 01 54 10    -162.429680  02 08 1987 15 04 27
02 10 1987 01 43 15    -159.680907  02 09 1987 15 04 32
02 11 1987 03 14 25     177.550370  02 11 1987 15 04 37
02 12 1987 03 03 30    -179.700802  02 11 1987 15 04 42
02 13 1987 02 52 35    -176.951530  02 12 1987 15 04 47
02 14 1987 02 41 41    -174.202672  02 13 1987 15 04 52
02 15 1987 02 30 46    -171.450682  02 14 1987 15 04 57
02 16 1987 02 19 51    -168.701390  02 15 1987 15 05 02
02 17 1987 02 08 56    -165.951973  02 16 1987 15 05 07
02 18 1987 01 58 01    -163.204419  02 17 1987 15 05 12
02 19 1987 01 47 06    -160.454834  02 18 1987 15 05 17
02 20 1987 03 18 16     176.776909  02 20 1987 15 05 22
02 21 1987 03 07 21     179.526201  02 21 1987 15 05 27
02 22 1987 02 56 26    -177.723930  02 21 1987 15 05 32
02 23 1987 02 45 31    -174.974434  02 22 1987 15 05 37
02 24 1987 02 34 36    -172.224822  02 23 1987 15 05 42
02 25 1987 02 23 41    -169.473755  02 24 1987 15 05 47
02 26 1987 02 12 46    -166.723593  02 25 1987 15 05 52
02 27 1987 02 01 51    -163.973246  02 26 1987 15 05 57
02 28 1987 01 50 56    -161.222354  02 27 1987 15 06 02
03 01 1987 03 22 05     176.010297  03 01 1987 15 06 08
03 02 1987 03 11 10     178.760929  03 02 1987 15 06 13
03 03 1987 03 00 15    -178.488285  03 02 1987 15 06 18
03 04 1987 02 49 20    -175.739660  03 03 1987 15 06 23
03 05 1987 02 38 25    -172.989666  03 04 1987 15 06 28
03 06 1987 02 27 30    -170.236997  03 05 1987 15 06 33
03 07 1987 02 16 35    -167.486081  03 06 1987 15 06 38
03 08 1987 02 05 39    -164.734429  03 07 1987 15 06 43
03 09 1987 01 54 44    -161.983126  03 08 1987 15 06 48
03 10 1987 01 43 49    -159.231646  03 09 1987 15 06 53
03 11 1987 03 14 58     178.000420  03 11 1987 15 06 59
03 12 1987 03 04 03    -179.248067  03 11 1987 15 07 04
03 13 1987 02 53 08    -176.497376  03 12 1987 15 07 09
03 14 1987 02 42 13    -173.745836  03 13 1987 15 07 14
03 15 1987 02 31 17    -170.994040  03 14 1987 15 07 19
03 16 1987 02 20 22    -168.242223  03 15 1987 15 07 24
03 17 1987 02 09 27    -165.490272  03 16 1987 15 07 29
03 18 1987 01 58 31    -162.737614  03 17 1987 15 07 34
03 19 1987 01 47 36    -159.985461  03 18 1987 15 07 39
03 20 1987 03 18 45     177.248472  03 20 1987 15 07 45
03 21 1987 03 07 50    -179.999320  03 20 1987 15 07 50
03 22 1987 02 56 54    -177.246073  03 21 1987 15 07 55
03 23 1987 02 45 59    -174.493770  03 22 1987 15 08 00
03 24 1987 02 34 41    -171.645528  03 23 1987 15 08 06
03 25 1987 02 23 45    -168.892850  03 24 1987 15 08 11
03 26 1987 02 12 50    -166.140421  03 25 1987 15 08 16
03 27 1987 02 02 17    -163.483590  03 26 1987 15 08 21
03 28 1987 01 51 21    -160.730841  03 27 1987 15 08 26
03 29 1987 03 22 30     176.504512  03 29 1987 15 08 31
03 30 1987 03 11 35     179.257412  03 30 1987 15 08 37
03 31 1987 03 00 39    -177.989602  03 30 1987 15 08 42
04 01 1987 02 49 44    -175.236029  03 31 1987 15 08 47
04 02 1987 02 38 48    -172.482949  04 01 1987 15 08 52
04 03 1987 02 27 52    -169.728898  04 02 1987 15 08 57
04 04 1987 02 16 57    -166.975606  04 03 1987 15 09 03
04 05 1987 02 06 01    -164.220731  04 04 1987 15 09 08
04 06 1987 01 55 05    -161.467226  04 05 1987 15 09 13
04 07 1987 01 44 09    -158.713648  04 06 1987 15 09 18
04 08 1987 03 15 18     178.523000  04 08 1987 15 09 24
04 09 1987 03 04 23    -178.723278  04 08 1987 15 09 29
04 10 1987 02 53 04    -175.873461  04 09 1987 15 09 34
04 11 1987 02 42 31    -173.215646  04 10 1987 15 09 39
04 12 1987 02 31 35    -170.460166  04 11 1987 15 09 45
04 13 1987 02 20 39    -167.706157  04 12 1987 15 09 50
04 14 1987 02 09 44    -164.952086  04 13 1987 15 09 55
04 15 1987 01 58 24    -162.099615  04 14 1987 15 10 01
04 16 1987 01 47 29    -159.345191  04 15 1987 15 10 06
04 17 1987 03 18 37     177.892310  04 17 1987 15 10 11
04 18 1987 03 07 41    -179.353106  04 17 1987 15 10 17
04 19 1987 02 56 45    -176.598453  04 18 1987 15 10 22
04 20 1987 02 45 49    -173.843731  04 19 1987 15 10 27
04 21 1987 02 34 53    -171.088941  04 20 1987 15 10 32
04 22 1987 02 23 57    -168.334087  04 21 1987 15 10 37
04 23 1987 02 13 01    -165.579169  04 22 1987 15 10 42
04 24 1987 02 02 05    -162.818073  04 23 1987 15 10 49
04 25 1987 01 51 09    -160.062934  04 24 1987 15 10 54
04 26 1987 03 22 18     177.174772  04 26 1987 15 11 00
04 27 1987 03 11 22     179.930017  04 27 1987 15 11 05
04 28 1987 03 00 26    -177.314690  04 27 1987 15 11 10
04 29 1987 02 49 30    -174.559350  04 28 1987 15 11 16
04 30 1987 02 38 34    -171.803964  04 29 1987 15 11 21
05 01 1987 02 27 38    -169.048533  04 30 1987 15 11 26
05 02 1987 02 16 42    -166.293060  05 01 1987 15 11 31
05 03 1987 02 05 45    -163.537545  05 02 1987 15 11 36
05 04 1987 01 54 49    -160.781990  05 03 1987 15 11 42
05 05 1987 01 43 53    -158.026397  05 04 1987 15 11 47
05 06 1987 03 15 02     179.211781  05 06 1987 15 11 52
05 07 1987 03 04 05    -178.032549  05 06 1987 15 11 58
05 08 1987 02 53 09    -175.270198  05 07 1987 15 12 04
05 09 1987 02 42 13    -172.514270  05 08 1987 15 12 10
05 10 1987 02 31 17    -169.758258  05 09 1987 15 12 15
05 11 1987 02 20 21    -167.002163  05 10 1987 15 12 20
05 12 1987 02 09 24    -164.245987  05 11 1987 15 12 25
05 13 1987 01 58 28    -161.489730  05 12 1987 15 12 31
05 14 1987 01 47 32    -158.733393  05 13 1987 15 12 36
05 15 1987 03 18 40     178.505628  05 15 1987 15 12 42
05 16 1987 03 07 44    -178.737872  05 15 1987 15 12 47
05 17 1987 02 56 48    -175.981295  05 16 1987 15 12 52
05 18 1987 02 45 52    -173.222764  05 17 1987 15 12 58
05 19 1987 02 34 56    -170.466343  05 18 1987 15 13 04
05 20 1987 02 23 59    -167.709779  05 19 1987 15 13 09
05 21 1987 02 13 03    -164.953072  05 20 1987 15 13 14
05 22 1987 02 02 07    -162.196222  05 21 1987 15 13 20
05 23 1987 01 51 11    -159.439748  05 22 1987 15 13 25
05 24 1987 03 22 19     177.799454  05 24 1987 15 13 31
05 25 1987 03 11 23    -179.443914  05 24 1987 15 13 36
05 26 1987 03 00 26    -176.687131  05 25 1987 15 13 41
05 27 1987 02 49 30    -173.930412  05 26 1987 15 13 47
05 28 1987 02 38 34    -171.172671  05 27 1987 15 13 52
05 29 1987 02 27 37    -168.415959  05 28 1987 15 13 58
05 30 1987 02 16 41    -165.659214  05 29 1987 15 14 03
05 31 1987 02 05 45    -162.902436  05 30 1987 15 14 08
06 01 1987 01 54 49    -160.145624  05 31 1987 15 14 14
06 02 1987 01 43 52    -157.388779  06 01 1987 15 14 19
06 03 1987 03 15 00     179.850735  06 03 1987 15 14 25
06 04 1987 03 04 04    -177.392349  06 03 1987 15 14 30
06 05 1987 02 53 08    -174.635397  06 04 1987 15 14 35
06 06 1987 02 42 12    -171.873940  06 05 1987 15 14 42
06 07 1987 02 31 15    -169.116698  06 06 1987 15 14 47
06 08 1987 02 20 19    -166.359571  06 07 1987 15 14 53
06 09 1987 02 09 23    -163.602556  06 08 1987 15 14 58
06 10 1987 01 58 26    -160.845654  06 09 1987 15 15 03
06 11 1987 01 47 30    -158.088862  06 10 1987 15 15 09
06 12 1987 03 18 38     179.150436  06 12 1987 15 15 14
06 13 1987 03 07 42    -178.092999  06 12 1987 15 15 20
06 14 1987 02 56 46    -175.336542  06 13 1987 15 15 25
06 15 1987 02 45 49    -172.575405  06 14 1987 15 15 31
06 16 1987 02 34 53    -169.818761  06 15 1987 15 15 36
06 17 1987 02 23 56    -167.062038  06 16 1987 15 15 42
06 18 1987 02 13 00    -164.305235  06 17 1987 15 15 47
06 19 1987 02 02 03    -161.548329  06 18 1987 15 15 52
06 20 1987 01 51 07    -158.790455  06 19 1987 15 15 57
06 21 1987 03 22 15     178.450219  06 21 1987 15 16 03
06 22 1987 03 11 19    -178.790776  06 21 1987 15 16 09
06 23 1987 03 00 22    -176.033474  06 22 1987 15 16 14
06 24 1987 02 49 26    -173.276073  06 23 1987 15 16 20
06 25 1987 02 38 29    -170.518602  06 24 1987 15 16 25
06 26 1987 02 27 33    -167.759449  06 25 1987 15 16 31
06 27 1987 02 16 37    -165.001784  06 26 1987 15 16 36
06 28 1987 02 05 40    -162.244024  06 27 1987 15 16 41
06 29 1987 01 54 43    -159.486169  06 28 1987 15 16 47
06 30 1987 01 43 47    -156.728217  06 29 1987 15 16 52
07 01 1987 03 14 55    -179.486209  06 30 1987 15 16 59
07 02 1987 03 03 59    -176.728159  07 01 1987 15 17 04
07 03 1987 02 53 02    -173.970007  07 02 1987 15 17 09
07 04 1987 02 42 05    -171.211752  07 03 1987 15 17 15
07 05 1987 02 31 09    -168.453392  07 04 1987 15 17 20
07 06 1987 02 20 12    -165.694927  07 05 1987 15 17 25
07 07 1987 02 09 16    -162.931241  07 06 1987 15 17 32
07 08 1987 01 58 19    -160.183656  07 07 1987 15 17 35
07 09 1987 01 47 23    -157.420943  07 08 1987 15 17 42
07 10 1987 03 18 31     179.820057  07 10 1987 15 17 47
07 11 1987 03 07 34    -177.417531  07 10 1987 15 17 54
07 12 1987 02 56 37    -174.659268  07 11 1987 15 17 59
07 13 1987 02 45 40    -171.903004  07 12 1987 15 18 03
07 14 1987 02 34 43    -169.143963  07 13 1987 15 18 09
07 15 1987 02 23 47    -166.380652  07 14 1987 15 18 16
07 16 1987 02 12 50    -163.621671  07 15 1987 15 18 21
07 17 1987 02 01 54    -160.862571  07 16 1987 15 18 27
07 18 1987 01 50 57    -158.103353  07 17 1987 15 18 32
07 19 1987 03 22 05     179.138800  07 19 1987 15 18 38
07 20 1987 03 11 08    -178.104910  07 19 1987 15 18 43
07 21 1987 03 00 11    -175.345747  07 20 1987 15 18 48
07 22 1987 02 49 14    -172.586463  07 21 1987 15 18 54
07 23 1987 02 38 18    -169.827055  07 22 1987 15 18 59
07 24 1987 02 27 21    -167.067525  07 23 1987 15 19 04
07 25 1987 02 16 24    -164.307870  07 24 1987 15 19 10
07 26 1987 02 05 27    -161.548092  07 25 1987 15 19 15
07 27 1987 01 54 30    -158.788190  07 26 1987 15 19 21
07 28 1987 01 43 33    -156.024944  07 27 1987 15 19 27
07 29 1987 03 14 41    -178.781938  07 28 1987 15 19 33
07 30 1987 03 03 44    -176.021671  07 29 1987 15 19 38
07 31 1987 02 52 47    -173.261281  07 30 1987 15 19 44
08 01 1987 02 41 50    -170.500766  07 31 1987 15 19 49
08 02 1987 02 30 52    -167.740127  08 01 1987 15 19 55
08 03 1987 02 19 55    -164.979366  08 02 1987 15 20 00
08 04 1987 02 08 58    -162.219294  08 03 1987 15 20 06
08 05 1987 01 58 01    -159.458367  08 04 1987 15 20 11
08 06 1987 01 47 04    -156.697318  08 05 1987 15 20 17
08 07 1987 03 18 12    -179.451398  08 06 1987 15 20 23
08 08 1987 03 07 15    -176.691020  08 07 1987 15 20 29
08 09 1987 02 56 18    -173.930522  08 08 1987 15 20 34
08 10 1987 02 45 20    -171.169905  08 09 1987 15 20 40
08 11 1987 02 34 23    -168.409169  08 10 1987 15 20 45
08 12 1987 02 23 26    -165.648316  08 11 1987 15 20 50
08 13 1987 02 12 29    -162.887346  08 12 1987 15 20 56
08 14 1987 02 01 32    -160.126261  08 13 1987 15 21 01
08 15 1987 01 50 34    -157.358644  08 14 1987 15 21 08
08 16 1987 03 21 41     179.885939  08 16 1987 15 21 14
08 17 1987 03 10 44    -177.352333  08 16 1987 15 21 19
08 18 1987 02 59 47    -174.590493  08 17 1987 15 21 25
08 19 1987 02 48 49    -171.828544  08 18 1987 15 21 31
08 20 1987 02 37 52    -169.066486  08 19 1987 15 21 36
08 21 1987 02 26 55    -166.304320  08 20 1987 15 21 42
08 22 1987 02 15 57    -163.542048  08 21 1987 15 21 47
08 23 1987 02 05 00    -160.779671  08 22 1987 15 21 53
08 24 1987 01 54 02    -158.017190  08 23 1987 15 21 58
08 25 1987 01 42 48    -155.181553  08 24 1987 15 22 04
08 26 1987 03 14 07    -177.989376  08 25 1987 15 22 10
08 27 1987 03 03 14    -175.245816  08 26 1987 15 22 15
08 28 1987 02 52 14    -172.472804  08 27 1987 15 22 21
08 29 1987 02 41 19    -169.716732  08 28 1987 15 22 27
08 30 1987 02 30 22    -166.954091  08 29 1987 15 22 33
08 31 1987 02 19 20    -164.169301  08 30 1987 15 22 40
09 01 1987 02 08 29    -161.427896  08 31 1987 15 22 46
09 02 1987 01 57 27    -158.646929  09 01 1987 15 22 51
09 03 1987 01 46 31    -155.907376  09 02 1987 15 22 54
09 04 1987 03 17 35    -178.647900  09 03 1987 15 23 00
09 05 1987 03 06 42    -175.887585  09 04 1987 15 23 09
09 06 1987 02 55 42    -173.123797  09 05 1987 15 23 12
09 07 1987 02 44 46    -170.364102  09 06 1987 15 23 19
09 08 1987 02 33 49    -167.601251  09 07 1987 15 23 24
09 09 1987 02 22 51    -164.837942  09 08 1987 15 23 30
09 10 1987 02 11 53    -162.074378  09 09 1987 15 23 35
09 11 1987 02 00 56    -159.310704  09 10 1987 15 23 41
09 12 1987 01 49 58    -156.546819  09 11 1987 15 23 47
09 13 1987 03 21 05    -179.300875  09 12 1987 15 23 53
09 14 1987 03 10 07    -176.537943  09 13 1987 15 23 58
09 15 1987 02 59 10    -173.771860  09 14 1987 15 24 04
09 16 1987 02 48 12    -171.008179  09 15 1987 15 24 10
09 17 1987 02 37 14    -168.244412  09 16 1987 15 24 16
09 18 1987 02 26 17    -165.480552  09 17 1987 15 24 21
09 19 1987 02 15 19    -162.714476  09 18 1987 15 24 27
09 20 1987 02 04 21    -159.950220  09 19 1987 15 24 33
09 21 1987 01 53 23    -157.185850  09 20 1987 15 24 38
09 22 1987 01 42 26    -154.422278  09 21 1987 15 24 44
09 23 1987 03 13 32    -177.175089  09 22 1987 15 24 50
09 24 1987 03 02 35    -174.411004  09 23 1987 15 24 56
09 25 1987 02 51 37    -171.646879  09 24 1987 15 25 02
09 26 1987 02 40 39    -168.882714  09 25 1987 15 25 07
09 27 1987 02 29 41    -166.118511  09 26 1987 15 25 13
09 28 1987 02 18 43    -163.354268  09 27 1987 15 25 18
09 29 1987 02 07 46    -160.586419  09 28 1987 15 25 25
09 30 1987 01 56 48    -157.822084  09 29 1987 15 25 31
10 01 1987 01 45 50    -155.057731  09 30 1987 15 25 37
10 02 1987 03 16 57    -177.810190  10 01 1987 15 25 43
10 03 1987 03 05 59    -175.045801  10 02 1987 15 25 48
10 04 1987 02 55 02    -172.281394  10 03 1987 15 25 54
10 05 1987 02 44 04    -169.516969  10 04 1987 15 26 00
10 06 1987 02 33 06    -166.750423  10 05 1987 15 26 06
10 07 1987 02 22 08    -163.985827  10 06 1987 15 26 12
10 08 1987 02 11 10    -161.221208  10 07 1987 15 26 17
10 09 1987 02 00 13    -158.456566  10 08 1987 15 26 23
10 10 1987 01 49 15    -155.691899  10 09 1987 15 26 29
10 11 1987 03 20 21    -178.444014  10 10 1987 15 26 35
10 12 1987 03 09 24    -175.679296  10 11 1987 15 26 41
10 13 1987 02 58 26    -172.914552  10 12 1987 15 26 46
10 14 1987 02 47 28    -170.149781  10 13 1987 15 26 52
10 15 1987 02 36 30    -167.376917  10 14 1987 15 26 59
10 16 1987 02 25 32    -164.611771  10 15 1987 15 27 05
10 17 1987 02 14 34    -161.846591  10 16 1987 15 27 11
10 18 1987 02 03 36    -159.081378  10 17 1987 15 27 17
10 19 1987 01 52 39    -156.316130  10 18 1987 15 27 23
10 20 1987 03 23 45    -179.067609  10 19 1987 15 27 29
10 21 1987 03 12 47    -176.302285  10 20 1987 15 27 35
10 22 1987 03 01 49    -173.536922  10 21 1987 15 27 40
10 23 1987 02 50 51    -170.771520  10 22 1987 15 27 46
10 24 1987 02 39 53    -168.006077  10 23 1987 15 27 52
10 25 1987 02 28 56    -165.240591  10 24 1987 15 27 58
10 26 1987 02 17 58    -162.475063  10 25 1987 15 28 04
10 27 1987 02 07 00    -159.709489  10 26 1987 15 28 09
10 28 1987 01 56 25    -157.034663  10 27 1987 15 28 16
10 29 1987 01 45 27    -154.268740  10 28 1987 15 28 22
10 30 1987 03 16 33    -177.019479  10 29 1987 15 28 28
10 31 1987 03 05 35    -174.253446  10 30 1987 15 28 34
11 01 1987 02 54 37    -171.487359  10 31 1987 15 28 40
11 02 1987 02 43 39    -168.721216  11 01 1987 15 28 46
11 03 1987 02 32 41    -165.955015  11 02 1987 15 28 52
11 04 1987 02 21 20    -163.091984  11 03 1987 15 28 58
11 05 1987 02 10 22    -160.325622  11 04 1987 15 29 03
11 06 1987 01 59 46    -157.653934  11 05 1987 15 29 09
11 07 1987 01 48 48    -154.887350  11 06 1987 15 29 15
11 08 1987 03 19 55    -177.637362  11 07 1987 15 29 22
11 09 1987 03 08 56    -174.870634  11 08 1987 15 29 27
11 10 1987 02 57 58    -172.102597  11 09 1987 15 29 34
11 11 1987 02 47 00    -169.335656  11 10 1987 15 29 40
11 12 1987 02 36 02    -166.568640  11 11 1987 15 29 45
11 13 1987 02 25 04    -163.801550  11 12 1987 15 29 51
11 14 1987 02 14 06    -161.034383  11 13 1987 15 29 57
11 15 1987 02 03 07    -158.263729  11 14 1987 15 30 04
11 16 1987 01 52 09    -155.496278  11 15 1987 15 30 09
11 17 1987 03 23 15    -178.245346  11 16 1987 15 30 16
11 18 1987 03 11 53    -175.380821  11 17 1987 15 30 22
11 18 1987 03 12 17    -175.477877  11 17 1987 15 30 22
11 19 1987 03 00 55    -172.613075  11 18 1987 15 30 28
11 19 1987 03 01 18    -172.710139  11 18 1987 15 30 28
11 20 1987 02 50 20    -169.941180  11 19 1987 15 30 34
11 21 1987 02 39 21    -167.173244  11 20 1987 15 30 40
11 22 1987 02 28 00    -164.307141  11 21 1987 15 30 46
11 23 1987 02 17 01    -161.538960  11 22 1987 15 30 52
11 24 1987 02 06 26    -158.867035  11 23 1987 15 30 58
11 25 1987 01 55 27    -156.096897  11 24 1987 15 31 04
11 26 1987 01 44 29    -153.328387  11 25 1987 15 31 10
11 27 1987 03 15 35    -176.075433  11 26 1987 15 31 17
11 28 1987 03 04 36    -173.306678  11 27 1987 15 31 23
11 29 1987 02 53 38    -170.535894  11 28 1987 15 31 29
11 30 1987 02 42 39    -167.766815  11 29 1987 15 31 35
12 01 1987 02 31 41    -164.996806  11 30 1987 15 31 41
12 02 1987 02 20 42    -162.227022  12 01 1987 15 31 47
12 03 1987 02 09 43    -159.457542  12 02 1987 15 31 53
12 04 1987 01 58 44    -156.687577  12 03 1987 15 31 59
12 05 1987 01 47 46    -153.917866  12 04 1987 15 32 05
12 06 1987 03 18 28    -176.566985  12 05 1987 15 32 12
12 07 1987 03 07 30    -173.797101  12 06 1987 15 32 18
12 08 1987 02 56 31    -171.027119  12 07 1987 15 32 24
12 09 1987 02 45 55    -168.353460  12 08 1987 15 32 30
12 10 1987 02 34 56    -165.583260  12 09 1987 15 32 36
12 11 1987 02 23 58    -162.812964  12 10 1987 15 32 42
12 12 1987 02 12 59    -160.040547  12 11 1987 15 32 49
12 13 1987 02 02 00    -157.270046  12 12 1987 15 32 55
12 14 1987 01 51 01    -154.499453  12 13 1987 15 33 01
12 15 1987 03 22 06    -177.245144  12 14 1987 15 33 07
12 16 1987 03 11 08    -174.475895  12 15 1987 15 33 13
12 17 1987 03 00 08    -171.703892  12 16 1987 15 33 20
12 18 1987 02 49 10    -168.933047  12 17 1987 15 33 26
12 19 1987 02 38 11    -166.162124  12 18 1987 15 33 32
12 20 1987 02 27 11    -163.389683  12 19 1987 15 33 38
12 21 1987 02 16 12    -160.618452  12 20 1987 15 33 44
12 22 1987 02 04 50    -157.751012  12 21 1987 15 33 50
12 23 1987 01 54 14    -155.075572  12 22 1987 15 33 56
12 24 1987 01 43 15    -152.304118  12 23 1987 15 34 02
12 25 1987 03 14 20    -175.048911  12 24 1987 15 34 09
12 26 1987 03 03 21    -172.277369  12 25 1987 15 34 15
12 27 1987 02 52 22    -169.506135  12 26 1987 15 34 21
12 28 1987 02 41 23    -166.734438  12 27 1987 15 34 27
12 29 1987 02 30 24    -163.962677  12 28 1987 15 34 33
12 30 1987 02 19 25    -161.190852  12 29 1987 15 34 39
12 31 1987 02 08 26    -158.418964  12 30 1987 15 34 45
01 01 1988 01 57 02    -155.545367  12 31 1987 15 34 52
01 02 1988 01 46 03    -152.773268  01 01 1988 15 34 58
01 03 1988 03 17 08    -175.517380  01 02 1988 15 35 04
01 04 1988 03 06 09    -172.745158  01 03 1988 15 35 10
01 05 1988 02 55 10    -169.972877  01 04 1988 15 35 16
01 06 1988 02 44 11    -167.200541  01 05 1988 15 35 22
01 07 1988 02 33 35    -164.527762  01 06 1988 15 35 29
01 08 1988 02 22 36    -161.755261  01 07 1988 15 35 35
01 09 1988 02 11 37    -158.982706  01 08 1988 15 35 41
01 10 1988 02 00 37    -156.209756  01 09 1988 15 35 47
01 11 1988 01 49 38    -153.437065  01 10 1988 15 35 53
01 12 1988 03 20 43    -176.180556  01 11 1988 15 36 00
01 13 1988 03 09 44    -173.403481  01 12 1988 15 36 07
01 14 1988 02 58 44    -170.630189  01 13 1988 15 36 13
01 15 1988 02 47 45    -167.856538  01 14 1988 15 36 19
01 16 1988 02 36 45    -165.082878  01 15 1988 15 36 25
01 17 1988 02 25 22    -162.208206  01 16 1988 15 36 32
01 18 1988 02 14 22    -159.435306  01 17 1988 15 36 38
01 19 1988 02 03 23    -156.661633  01 18 1988 15 36 44
01 20 1988 01 52 23    -153.887863  01 19 1988 15 36 50
01 21 1988 03 23 28    -176.632609  01 20 1988 15 36 56
01 22 1988 03 12 29    -173.859401  01 21 1988 15 37 03
01 23 1988 03 01 29    -171.086223  01 22 1988 15 37 09
01 24 1988 02 50 54    -168.409908  01 23 1988 15 37 15
01 25 1988 02 39 54    -165.636118  01 24 1988 15 37 22
01 26 1988 02 28 31    -162.761848  01 25 1988 15 37 28
01 27 1988 02 17 31    -159.987826  01 26 1988 15 37 34
01 28 1988 02 06 40    -157.249983  01 27 1988 15 37 40
01 29 1988 01 55 32    -154.440043  01 28 1988 15 37 47
01 30 1988 01 44 32    -151.665547  01 29 1988 15 37 53
01 31 1988 03 15 37    -174.407382  01 30 1988 15 37 59
02 01 1988 03 04 38    -171.632711  01 31 1988 15 38 06
02 02 1988 02 53 38    -168.858039  02 01 1988 15 38 12
02 03 1988 02 43 02    -166.184290  02 02 1988 15 38 18
02 04 1988 02 32 03    -163.409919  02 03 1988 15 38 24
02 05 1988 02 21 03    -160.635666  02 04 1988 15 38 31
02 06 1988 02 09 40    -157.761021  02 05 1988 15 38 37
02 07 1988 01 58 40    -154.986721  02 06 1988 15 38 43
02 08 1988 01 48 05    -152.312922  02 07 1988 15 38 50
02 09 1988 03 19 09    -175.055134  02 08 1988 15 38 56
02 10 1988 03 08 10    -172.278290  02 09 1988 15 39 03
02 11 1988 02 57 10    -169.503540  02 10 1988 15 39 09
02 12 1988 02 46 10    -166.728233  02 11 1988 15 39 16
02 13 1988 02 34 47    -163.853310  02 12 1988 15 39 22
02 14 1988 02 23 47    -161.078645  02 13 1988 15 39 28
02 15 1988 02 12 47    -158.303663  02 14 1988 15 39 34
02 16 1988 02 02 12    -155.630284  02 15 1988 15 39 40
02 17 1988 01 51 12    -152.855480  02 16 1988 15 39 47
02 18 1988 03 22 17    -175.597186  02 17 1988 15 39 54
02 19 1988 03 11 17    -172.821755  02 18 1988 15 40 00
02 20 1988 03 00 17    -170.047036  02 19 1988 15 40 06
02 21 1988 02 49 18    -167.269711  02 20 1988 15 40 13
02 22 1988 02 38 18    -164.494145  02 21 1988 15 40 19
02 23 1988 02 26 54    -161.618296  02 22 1988 15 40 26
02 24 1988 02 16 18    -158.942184  02 23 1988 15 40 32
02 25 1988 02 05 19    -156.166819  02 24 1988 15 40 39
02 26 1988 01 54 19    -153.391695  02 25 1988 15 40 45
02 27 1988 01 42 55    -150.516181  02 26 1988 15 40 51
02 28 1988 03 14 00    -173.255838  02 27 1988 15 40 58
02 29 1988 03 03 24    -170.580606  02 28 1988 15 41 04
03 01 1988 02 52 24    -167.804866  02 29 1988 15 41 11
03 02 1988 02 41 24    -165.027479  03 01 1988 15 41 17
03 03 1988 02 30 24    -162.251221  03 02 1988 15 41 24
03 04 1988 02 19 24    -159.475992  03 03 1988 15 41 30
03 05 1988 02 08 24    -156.700031  03 04 1988 15 41 36
03 06 1988 01 57 25    -153.922424  03 05 1988 15 41 43
03 07 1988 01 46 25    -151.146491  03 06 1988 15 41 50
03 08 1988 03 17 29    -173.886612  03 07 1988 15 41 56
03 09 1988 03 06 29    -171.108295  03 08 1988 15 42 03
03 10 1988 02 55 29    -168.331391  03 09 1988 15 42 09
03 11 1988 02 44 29    -165.554257  03 10 1988 15 42 16
03 12 1988 02 33 05    -162.677302  03 11 1988 15 42 22
03 13 1988 02 22 05    -159.900371  03 12 1988 15 42 29
03 14 1988 02 11 29    -157.223557  03 13 1988 15 42 35
03 15 1988 02 00 29    -154.446601  03 14 1988 15 42 42
03 16 1988 01 49 29    -151.669122  03 15 1988 15 42 48
03 17 1988 03 20 33    -174.408077  03 16 1988 15 42 55
03 18 1988 03 09 33    -171.630275  03 17 1988 15 43 02
03 19 1988 02 58 33    -168.852892  03 18 1988 15 43 08
03 20 1988 02 47 08    -165.972595  03 19 1988 15 43 15
03 21 1988 02 36 32    -163.294729  03 20 1988 15 43 21
03 22 1988 02 25 32    -160.516385  03 21 1988 15 43 28
03 23 1988 02 14 31    -157.738195  03 22 1988 15 43 34
03 24 1988 02 03 07    -154.860136  03 23 1988 15 43 41
03 25 1988 01 52 31    -152.182360  03 24 1988 15 43 47
03 26 1988 03 23 35    -174.920213  03 25 1988 15 43 54
03 27 1988 03 12 10    -172.039082  03 26 1988 15 44 01
03 28 1988 03 01 10    -169.259793  03 27 1988 15 44 08
03 29 1988 02 50 09    -166.481031  03 28 1988 15 44 14
03 30 1988 02 39 33    -163.801664  03 29 1988 15 44 20
03 31 1988 02 28 08    -160.921554  03 30 1988 15 44 27
04 01 1988 02 17 08    -158.142021  03 31 1988 15 44 34
04 02 1988 02 06 31    -155.462582  04 01 1988 15 44 40
04 03 1988 01 55 31    -152.683000  04 02 1988 15 44 47
04 04 1988 01 44 30    -149.903107  04 03 1988 15 44 53
04 05 1988 03 15 10    -172.538342  04 04 1988 15 45 00
04 06 1988 03 04 33    -169.858009  04 05 1988 15 45 07
04 07 1988 02 53 32    -167.077701  04 06 1988 15 45 13
04 08 1988 02 42 31    -164.295295  04 07 1988 15 45 20
04 09 1988 02 31 30    -161.514475  04 08 1988 15 45 27
04 10 1988 02 20 29    -158.732275  04 09 1988 15 45 34
04 11 1988 02 09 28    -155.951008  04 10 1988 15 45 40
04 12 1988 01 58 03    -153.069312  04 11 1988 15 45 47
04 13 1988 01 47 26    -150.388139  04 12 1988 15 45 53
04 14 1988 03 18 06    -173.021677  04 13 1988 15 46 00
04 15 1988 03 07 05    -170.238634  04 14 1988 15 46 07
04 15 1988 03 07 29    -170.340432  04 14 1988 15 46 07
04 16 1988 02 56 03    -167.456660  04 15 1988 15 46 14
04 17 1988 02 45 26    -164.772971  04 16 1988 15 46 21
04 18 1988 02 34 25    -161.990529  04 17 1988 15 46 27
04 19 1988 02 23 00    -159.107949  04 18 1988 15 46 34
04 20 1988 02 12 23    -156.425672  04 19 1988 15 46 40
04 21 1988 02 00 57    -153.542960  04 20 1988 15 46 47
04 22 1988 01 50 20    -150.860099  04 21 1988 15 46 54
04 23 1988 03 21 23    -173.592996  04 22 1988 15 47 01
04 24 1988 03 10 22    -170.807995  04 23 1988 15 47 08
04 25 1988 02 59 20    -168.025111  04 24 1988 15 47 14
04 26 1988 02 48 18    -165.239389  04 25 1988 15 47 21
04 27 1988 02 37 17    -162.455970  04 26 1988 15 47 28
04 28 1988 02 25 52    -159.571877  04 27 1988 15 47 34
04 29 1988 02 15 14    -156.888271  04 28 1988 15 47 41
04 30 1988 02 04 12    -154.104426  04 29 1988 15 47 47
05 01 1988 01 53 11    -151.319252  04 30 1988 15 47 54
05 02 1988 01 42 09    -148.535074  05 01 1988 15 48 01
05 03 1988 03 12 48    -171.165531  05 02 1988 15 48 08
05 04 1988 03 02 10    -168.480333  05 03 1988 15 48 15
05 05 1988 02 51 08    -165.695755  05 04 1988 15 48 21
05 06 1988 02 40 06    -162.909518  05 05 1988 15 48 28
05 07 1988 02 28 41    -160.023734  05 06 1988 15 48 35
05 08 1988 02 17 39    -157.238666  05 07 1988 15 48 41
05 09 1988 02 07 01    -154.553566  05 08 1988 15 48 48
05 10 1988 01 55 35    -151.667523  05 09 1988 15 48 55
05 11 1988 01 44 57    -148.982223  05 10 1988 15 49 01
05 12 1988 03 15 59    -171.712025  05 11 1988 15 49 09
05 13 1988 03 04 57    -168.925695  05 12 1988 15 49 15
05 14 1988 02 53 31    -166.039548  05 13 1988 15 49 22
05 15 1988 02 42 53    -163.352595  05 14 1988 15 49 29
05 16 1988 02 31 51    -160.566510  05 15 1988 15 49 35
05 17 1988 02 20 25    -157.679546  05 16 1988 15 49 42
05 18 1988 02 09 47    -154.993066  05 17 1988 15 49 49
05 19 1988 01 58 45    -152.206657  05 18 1988 15 49 55
05 20 1988 01 47 43    -149.419257  05 19 1988 15 50 02
05 21 1988 03 18 45    -172.147876  05 20 1988 15 50 09
05 22 1988 03 07 43    -169.359917  05 21 1988 15 50 17
05 23 1988 02 56 41    -166.573079  05 22 1988 15 50 23
05 24 1988 02 45 39    -163.786153  05 23 1988 15 50 30
05 25 1988 02 34 36    -160.997750  05 24 1988 15 50 37
05 26 1988 02 23 34    -158.210619  05 25 1988 15 50 43
05 27 1988 02 12 32    -155.423181  05 26 1988 15 50 50
05 28 1988 02 01 30    -152.635868  05 27 1988 15 50 57
05 29 1988 01 50 27    -149.847528  05 28 1988 15 51 04
05 30 1988 03 21 29    -172.575260  05 29 1988 15 51 11
05 31 1988 03 10 03    -169.687551  05 30 1988 15 51 18
06 01 1988 02 59 24    -166.999826  05 31 1988 15 51 24
06 02 1988 02 48 22    -164.212113  06 01 1988 15 51 31
06 03 1988 02 37 20    -161.424353  06 02 1988 15 51 38
06 04 1988 02 26 17    -158.636520  06 03 1988 15 51 45
06 05 1988 02 15 15    -155.847392  06 04 1988 15 51 52
06 06 1988 02 04 13    -153.059406  06 05 1988 15 51 58
06 07 1988 01 53 10    -150.271350  06 06 1988 15 52 05
06 08 1988 01 42 08    -147.483290  06 07 1988 15 52 12
06 09 1988 03 13 10    -170.210238  06 08 1988 15 52 19
06 10 1988 03 02 07    -167.417182  06 09 1988 15 52 27
06 11 1988 02 51 04    -164.628649  06 10 1988 15 52 34
06 12 1988 02 40 02    -161.839306  06 11 1988 15 52 40
06 13 1988 02 28 35    -158.951106  06 12 1988 15 52 47
06 14 1988 02 17 33    -156.162471  06 13 1988 15 52 54
06 15 1988 02 06 54    -153.474381  06 14 1988 15 53 00
06 16 1988 01 55 52    -150.685826  06 15 1988 15 53 07
06 17 1988 01 44 25    -147.796877  06 16 1988 15 53 14
06 18 1988 03 15 51    -170.624046  06 17 1988 15 53 21
06 19 1988 03 04 48    -167.833877  06 18 1988 15 53 28
06 20 1988 02 53 45    -165.045065  06 19 1988 15 53 35
06 21 1988 02 42 43    -162.256180  06 20 1988 15 53 41
06 22 1988 02 31 40    -159.466642  06 21 1988 15 53 48
06 23 1988 02 20 13    -156.576956  06 22 1988 15 53 55
06 24 1988 02 09 35    -153.888441  06 23 1988 15 54 02
06 25 1988 01 58 32    -151.099280  06 24 1988 15 54 08
06 26 1988 01 47 05    -148.209068  06 25 1988 15 54 15
06 27 1988 03 18 07    -170.934928  06 26 1988 15 54 22
06 28 1988 03 07 04    -168.145250  06 27 1988 15 54 29
06 29 1988 02 56 25    -165.455598  06 28 1988 15 54 36
06 30 1988 02 45 23    -162.666122  06 29 1988 15 54 43
07 01 1988 02 34 20    -159.875377  06 30 1988 15 54 50
07 02 1988 02 23 17    -157.085647  07 01 1988 15 54 56
07 03 1988 02 12 14    -154.294250  07 02 1988 15 55 03
07 04 1988 02 01 11    -151.504344  07 03 1988 15 55 10
07 05 1988 01 50 08    -148.714358  07 04 1988 15 55 17
07 06 1988 03 21 09    -171.438635  07 05 1988 15 55 24
07 07 1988 03 10 06    -168.648471  07 06 1988 15 55 31
07 08 1988 02 59 03    -165.856716  07 07 1988 15 55 38
07 09 1988 02 47 36    -162.965548  07 08 1988 15 55 45
07 10 1988 02 36 33    -160.175000  07 09 1988 15 55 51
07 11 1988 02 25 54    -157.484157  07 10 1988 15 55 58
07 12 1988 02 14 27    -154.592575  07 11 1988 15 56 05
07 13 1988 02 03 48    -151.901995  07 12 1988 15 56 12
07 14 1988 01 52 45    -149.111049  07 13 1988 15 56 19
07 15 1988 03 23 46    -171.834374  07 14 1988 15 56 26
07 16 1988 03 12 43    -169.043251  07 15 1988 15 56 33
07 17 1988 03 01 40    -166.250578  07 16 1988 15 56 40
07 18 1988 02 50 37    -163.459217  07 17 1988 15 56 47
07 19 1988 02 39 34    -160.667756  07 18 1988 15 56 54
07 20 1988 02 28 31    -157.875679  07 19 1988 15 57 00
07 21 1988 02 17 27    -155.083997  07 20 1988 15 57 07
07 22 1988 02 06 24    -152.291930  07 21 1988 15 57 14
07 23 1988 01 55 21    -149.500058  07 22 1988 15 57 21
07 24 1988 01 44 18    -146.707135  07 23 1988 15 57 28
07 25 1988 03 15 18    -169.429957  07 24 1988 15 57 35
07 26 1988 03 03 51    -166.537286  07 25 1988 15 57 42
07 27 1988 02 52 48    -163.745030  07 26 1988 15 57 49
07 28 1988 02 42 08    -161.051011  07 27 1988 15 57 56
07 29 1988 02 31 05    -158.258449  07 28 1988 15 58 03
07 30 1988 02 20 01    -155.465776  07 29 1988 15 58 10
07 31 1988 02 08 58    -152.672991  07 30 1988 15 58 16
08 01 1988 01 57 54    -149.878234  07 31 1988 15 58 24
08 02 1988 01 46 51    -147.085176  08 01 1988 15 58 31
08 03 1988 03 17 51    -169.806771  08 02 1988 15 58 38
08 04 1988 03 06 48    -167.013474  08 03 1988 15 58 45
08 05 1988 02 55 44    -164.219187  08 04 1988 15 58 52
08 06 1988 02 44 41    -161.425615  08 05 1988 15 58 58
08 07 1988 02 33 37    -158.631435  08 06 1988 15 59 05
08 08 1988 02 22 33    -155.837543  08 07 1988 15 59 12
08 09 1988 02 11 05    -152.942076  08 08 1988 15 59 19
08 10 1988 02 00 26    -150.247813  08 09 1988 15 59 26
08 11 1988 01 49 22    -147.453483  08 10 1988 15 59 33
08 12 1988 03 20 22    -170.171642  08 11 1988 15 59 41
08 13 1988 03 09 18    -167.376978  08 12 1988 15 59 48
08 14 1988 02 58 14    -164.582186  08 13 1988 15 59 54
08 15 1988 02 46 46    -161.682864  08 14 1988 16 00 02
08 16 1988 02 35 42    -158.887599  08 15 1988 16 00 09
08 17 1988 02 24 38    -156.092199  08 16 1988 16 00 16
08 18 1988 02 13 34    -153.296664  08 17 1988 16 00 23
08 19 1988 02 02 30    -150.500762  08 18 1988 16 00 30
08 20 1988 01 51 50    -147.805071  08 19 1988 16 00 36
08 21 1988 03 22 49    -170.522852  08 20 1988 16 00 44
08 22 1988 03 11 45    -167.726728  08 21 1988 16 00 51
08 23 1988 03 00 41    -164.930470  08 22 1988 16 00 58
08 24 1988 02 49 37    -162.132799  08 23 1988 16 01 05
08 25 1988 02 38 32    -159.336220  08 24 1988 16 01 12
08 26 1988 02 27 28    -156.539507  08 25 1988 16 01 19
08 27 1988 02 16 24    -153.741370  08 26 1988 16 01 26
08 28 1988 02 05 19    -150.944362  08 27 1988 16 01 33
08 29 1988 01 54 15    -148.147222  08 28 1988 16 01 40
08 30 1988 01 43 10    -145.349952  08 29 1988 16 01 46
08 31 1988 03 14 10    -168.065381  08 30 1988 16 01 54
09 01 1988 03 03 05    -165.267798  08 31 1988 16 02 01
09 02 1988 02 51 37    -162.368844  09 01 1988 16 02 08
09 03 1988 02 40 32    -159.570923  09 02 1988 16 02 15
09 04 1988 02 29 27    -156.772868  09 03 1988 16 02 22
09 05 1988 02 18 23    -153.974685  09 04 1988 16 02 29
09 06 1988 02 07 18    -151.171105  09 05 1988 16 02 37
09 07 1988 01 56 13    -148.372370  09 06 1988 16 02 43
09 08 1988 01 45 08    -145.573501  09 07 1988 16 02 50
09 09 1988 03 16 31    -168.388940  09 08 1988 16 02 58
09 10 1988 03 05 26    -165.589767  09 09 1988 16 03 05
09 11 1988 02 54 21    -162.787307  09 10 1988 16 03 12
09 12 1988 02 43 16    -159.987630  09 11 1988 16 03 19
09 13 1988 02 31 47    -157.086713  09 12 1988 16 03 26
09 14 1988 02 21 06    -154.386759  09 13 1988 16 03 33
09 15 1988 02 10 01    -151.586581  09 14 1988 16 03 40
09 16 1988 01 58 55    -148.784374  09 15 1988 16 03 47
09 17 1988 01 47 26    -145.883296  09 16 1988 16 03 54
09 18 1988 03 18 49    -168.694893  09 17 1988 16 04 02
09 19 1988 03 07 43    -165.893925  09 18 1988 16 04 09
09 20 1988 02 56 38    -163.092821  09 19 1988 16 04 16
09 21 1988 02 45 32    -160.289687  09 20 1988 16 04 23
09 22 1988 02 34 27    -157.488218  09 21 1988 16 04 30
09 23 1988 02 22 57    -154.584850  09 22 1988 16 04 37
09 24 1988 02 12 16    -151.883688  09 23 1988 16 04 44
09 25 1988 02 01 10    -149.078664  09 24 1988 16 04 51
09 26 1988 01 50 05    -146.276483  09 25 1988 16 04 58
09 27 1988 03 21 03    -168.988283  09 26 1988 16 05 06
09 28 1988 03 09 57    -166.184575  09 27 1988 16 05 13
09 29 1988 02 58 28    -163.279912  09 28 1988 16 05 20
09 30 1988 02 47 22    -160.475678  09 29 1988 16 05 28
10 01 1988 02 36 40    -157.772325  09 30 1988 16 05 35
10 03 1988 02 14 28    -152.162077  10 02 1988 16 05 49
10 04 1988 02 02 58    -149.257490  10 03 1988 16 05 56
10 05 1988 01 51 52    -146.453530  10 04 1988 16 06 03
10 06 1988 03 22 49    -169.157161  10 05 1988 16 06 11
10 07 1988 03 12 07    -166.452213  10 06 1988 16 06 18
10 08 1988 03 01 01    -163.647387  10 07 1988 16 06 25
10 09 1988 02 49 30    -160.738518  10 08 1988 16 06 33
10 10 1988 02 38 48    -158.032732  10 09 1988 16 06 40
10 11 1988 02 27 17    -155.124954  10 10 1988 16 06 47
10 12 1988 02 16 34    -152.415305  10 11 1988 16 06 54
10 13 1988 02 05 04    -149.507950  10 12 1988 16 07 02
10 14 1988 01 53 57    -146.701320  10 13 1988 16 07 09
10 15 1988 01 42 50    -143.890482  10 14 1988 16 07 16
10 16 1988 03 13 47    -166.596917  10 15 1988 16 07 24
10 17 1988 03 02 40    -163.788619  10 16 1988 16 07 31
10 18 1988 02 51 32    -160.975187  10 17 1988 16 07 38
10 19 1988 02 40 25    -158.166866  10 18 1988 16 07 45
10 20 1988 02 29 17    -155.346027  10 19 1988 16 07 54
10 21 1988 02 18 10    -152.535602  10 20 1988 16 08 02
10 22 1988 02 07 27    -149.825692  10 21 1988 16 08 09
10 23 1988 01 56 20    -147.015623  10 22 1988 16 08 16
10 24 1988 01 45 12    -144.203242  10 23 1988 16 08 23
10 25 1988 03 15 45    -166.805168  10 24 1988 16 08 31
10 26 1988 03 05 01    -164.094331  10 25 1988 16 08 38
10 27 1988 02 53 53    -161.282903  10 26 1988 16 08 46
10 28 1988 02 42 22    -158.371067  10 27 1988 16 08 53
10 29 1988 02 31 14    -155.559301  10 28 1988 16 09 00
10 30 1988 02 20 31    -152.848422  10 29 1988 16 09 07
10 31 1988 02 09 23    -150.036573  10 30 1988 16 09 14
11 01 1988 01 58 15    -147.224538  10 31 1988 16 09 22
11 02 1988 01 46 44    -144.312161  11 01 1988 16 09 29
11 03 1988 03 18 04    -167.113353  11 02 1988 16 09 37
11 04 1988 03 06 56    -164.299215  11 03 1988 16 09 44
11 05 1988 02 55 48    -161.486278  11 04 1988 16 09 51
11 06 1988 02 44 40    -158.671895  11 05 1988 16 09 58
11 07 1988 02 33 32    -155.858357  11 06 1988 16 10 06
11 08 1988 02 22 00    -152.944256  11 07 1988 16 10 13
