06 23 1981 01 48 50    -169.596023  06 22 1981 14 30 27
06 24 1981 03 16 59     168.255467  06 24 1981 14 30 00
06 25 1981 03 05 02     171.259484  06 25 1981 14 30 04
06 26 1981 02 53 13     174.213766  06 26 1981 14 30 04
06 27 1981 02 41 29     177.154117  06 27 1981 14 30 06
06 28 1981 02 29 42    -179.894568  06 27 1981 14 30 08
06 29 1981 02 17 54    -176.919934  06 28 1981 14 30 13
06 30 1981 02 06 09    -173.979554  06 29 1981 14 30 14
06 30 1981 02 08 24    -174.558408  06 29 1981 14 30 10
07 01 1981 01 56 58    -171.694414  06 30 1981 14 30 11
07 02 1981 01 45 31    -168.827327  07 01 1981 14 30 13
07 03 1981 03 16 07     168.531275  07 03 1981 14 30 15
07 04 1981 03 04 41     171.395812  07 04 1981 14 30 16
07 05 1981 02 53 15     174.260333  07 05 1981 14 30 18
07 06 1981 02 41 49     177.127563  07 06 1981 14 30 20
07 07 1981 02 30 23     179.992293  07 07 1981 14 30 21
07 08 1981 02 18 57    -177.142999  07 07 1981 14 30 23
07 09 1981 02 07 31    -174.278315  07 08 1981 14 30 24
07 10 1981 01 56 05    -171.411871  07 09 1981 14 30 26
07 11 1981 01 44 38    -168.546228  07 10 1981 14 30 27
07 12 1981 03 15 14     168.809794  07 12 1981 14 30 29
07 13 1981 03 03 48     171.677469  07 13 1981 14 30 31
07 14 1981 02 52 22     174.543400  07 14 1981 14 30 32
07 15 1981 02 40 55     177.409314  07 15 1981 14 30 34
07 16 1981 02 29 29    -179.723166  07 15 1981 14 30 36
07 17 1981 02 18 03    -176.857139  07 16 1981 14 30 37
07 18 1981 02 06 36    -173.991128  07 17 1981 14 30 39
07 19 1981 01 55 10    -171.122304  07 18 1981 14 30 41
07 20 1981 01 43 43    -168.254631  07 19 1981 14 30 42
07 21 1981 03 14 19     169.103577  07 21 1981 14 30 44
07 22 1981 03 02 52     171.971299  07 22 1981 14 30 45
07 23 1981 02 51 26     174.838698  07 23 1981 14 30 47
07 24 1981 02 39 59     177.706681  07 24 1981 14 30 48
07 25 1981 02 28 32    -179.425613  07 24 1981 14 30 50
07 26 1981 02 17 05    -176.557914  07 25 1981 14 30 52
07 27 1981 02 05 38    -173.689294  07 26 1981 14 30 53
07 28 1981 01 54 11    -170.820473  07 27 1981 14 30 54
07 29 1981 01 42 44    -167.951650  07 28 1981 14 30 56
07 30 1981 03 13 20     169.407807  07 30 1981 14 30 58
07 31 1981 03 01 52     172.281246  07 31 1981 14 31 00
08 01 1981 02 50 25     175.150979  08 01 1981 14 31 01
08 02 1981 02 38 58     178.020715  08 02 1981 14 31 03
08 03 1981 02 27 30    -179.105948  08 02 1981 14 31 05
08 04 1981 02 16 03    -176.235734  08 03 1981 14 31 07
08 05 1981 02 04 36    -173.365515  08 04 1981 14 31 08
08 06 1981 01 53 09    -170.495289  08 05 1981 14 31 10
08 14 1981 02 03 31    -173.032690  08 13 1981 14 31 23
08 15 1981 01 52 03    -170.159894  08 14 1981 14 31 24
08 16 1981 03 22 37     167.203544  08 16 1981 14 31 26
08 17 1981 03 11 09     170.076508  08 17 1981 14 31 27
08 18 1981 02 59 41     172.949500  08 18 1981 14 31 29
08 19 1981 02 48 13     175.826639  08 19 1981 14 31 32
08 20 1981 02 36 45     178.700678  08 20 1981 14 31 33
08 21 1981 02 25 17    -178.425253  08 20 1981 14 31 35
08 22 1981 02 13 49    -175.551152  08 21 1981 14 31 36
08 23 1981 02 02 20    -172.670335  08 22 1981 14 31 39
08 24 1981 01 50 51    -169.795047  08 23 1981 14 31 41
08 25 1981 03 21 25     167.571364  08 25 1981 14 31 42
08 26 1981 03 09 56     170.450431  08 26 1981 14 31 44
08 27 1981 02 58 27     173.331682  08 27 1981 14 31 46
08 28 1981 02 46 58     176.209284  08 28 1981 14 31 48
08 29 1981 02 35 28     179.089356  08 29 1981 14 31 49
08 30 1981 02 23 59    -178.032110  08 29 1981 14 31 51
08 31 1981 02 12 29    -175.147588  08 30 1981 14 31 53
09 01 1981 02 00 59    -172.267804  08 31 1981 14 31 55
09 02 1981 01 49 30    -169.387385  09 01 1981 14 31 57
09 03 1981 03 20 01     167.990080  09 03 1981 14 31 58
09 04 1981 03 08 30     170.873906  09 04 1981 14 32 00
09 05 1981 02 57 00     173.758985  09 05 1981 14 32 02
09 06 1981 02 45 29     176.643017  09 06 1981 14 32 03
09 07 1981 02 33 58     179.527606  09 07 1981 14 32 05
09 08 1981 02 22 27    -177.585146  09 07 1981 14 32 07
09 09 1981 02 10 56    -174.699206  09 08 1981 14 32 09
09 10 1981 01 59 25    -171.812694  09 09 1981 14 32 10
09 11 1981 01 47 54    -168.925609  09 10 1981 14 32 12
09 12 1981 03 18 24     168.457942  09 12 1981 14 32 14
09 13 1981 03 06 52     171.347399  09 13 1981 14 32 16
09 13 1981 03 06 53     171.346628  09 13 1981 14 32 16
09 14 1981 02 55 21     174.237167  09 14 1981 14 32 18
09 15 1981 02 43 49     177.127171  09 15 1981 14 32 19
09 16 1981 02 32 16    -179.978996  09 15 1981 14 32 21
09 17 1981 02 20 44    -177.087367  09 16 1981 14 32 23
09 18 1981 02 09 11    -174.194110  09 17 1981 14 32 25
09 19 1981 01 57 39    -171.301124  09 18 1981 14 32 27
09 20 1981 01 46 06    -168.407504  09 19 1981 14 32 28
09 21 1981 03 16 35     168.985063  09 21 1981 14 32 31
09 22 1981 03 05 01     171.880469  09 22 1981 14 32 33
09 23 1981 02 53 28     174.776530  09 23 1981 14 32 34
09 24 1981 02 41 54     177.675224  09 24 1981 14 32 36
09 25 1981 02 30 21    -179.427109  09 24 1981 14 32 38
09 26 1981 02 18 47    -176.528767  09 25 1981 14 32 40
09 27 1981 02 07 13    -173.629752  09 26 1981 14 32 42
09 28 1981 01 55 39    -170.730065  09 27 1981 14 32 43
09 29 1981 01 44 04    -167.825600  09 28 1981 14 32 46
09 30 1981 03 14 31     169.568746  09 30 1981 14 32 48
10 01 1981 03 02 57     172.470846  10 01 1981 14 32 50
10 02 1981 02 51 22     175.373632  10 02 1981 14 32 51
10 03 1981 02 39 47     178.277101  10 03 1981 14 32 53
10 04 1981 02 28 11    -178.818746  10 03 1981 14 32 55
10 05 1981 02 16 36    -175.909800  10 04 1981 14 32 57
10 06 1981 02 05 00    -173.003866  10 05 1981 14 32 59
10 07 1981 01 53 24    -170.097224  10 06 1981 14 33 01
10 08 1981 03 23 50     167.303534  10 08 1981 14 33 03
10 09 1981 03 12 14     170.212240  10 09 1981 14 33 05
10 10 1981 03 00 38     173.121104  10 10 1981 14 33 07
10 11 1981 02 49 01     176.030673  10 11 1981 14 33 08
10 12 1981 02 37 24     178.945194  10 12 1981 14 33 11
10 13 1981 02 25 47    -178.143420  10 12 1981 14 33 13
10 14 1981 02 14 10    -175.231308  10 13 1981 14 33 15
10 15 1981 02 02 33    -172.318471  10 14 1981 14 33 16
10 16 1981 01 50 55    -169.400515  10 15 1981 14 33 19
10 17 1981 03 21 19     168.008173  10 17 1981 14 33 21
10 18 1981 03 09 41     170.923724  10 18 1981 14 33 23
10 19 1981 02 58 03     173.840021  10 19 1981 14 33 25
10 20 1981 02 46 25     176.757064  10 20 1981 14 33 27
10 21 1981 02 34 45     179.683108  10 21 1981 14 33 29
10 22 1981 02 23 06    -177.397060  10 21 1981 14 33 31
10 23 1981 02 11 27    -174.476399  10 22 1981 14 33 33
10 24 1981 01 59 48    -171.554909  10 23 1981 14 33 35
10 25 1981 01 48 08    -168.630132  10 24 1981 14 33 37
10 26 1981 03 18 30     168.787779  10 26 1981 14 33 39
10 27 1981 03 06 50     171.714711  10 27 1981 14 33 41
10 28 1981 02 55 10     174.641008  10 28 1981 14 33 43
10 29 1981 02 43 29     177.567290  10 29 1981 14 33 45
10 30 1981 02 31 49    -179.506446  10 29 1981 14 33 47
10 31 1981 02 20 09    -176.580199  10 30 1981 14 33 49
11 01 1981 02 08 28    -173.649684  10 31 1981 14 33 52
11 02 1981 01 56 46    -170.718599  11 01 1981 14 33 54
11 03 1981 01 45 05    -167.787535  11 02 1981 14 33 56
11 04 1981 03 15 25     169.638581  11 04 1981 14 33 58
11 05 1981 03 03 43     172.570164  11 05 1981 14 34 00
11 06 1981 02 52 01     175.503887  11 06 1981 14 34 02
11 07 1981 02 40 19     178.437595  11 07 1981 14 34 04
11 08 1981 02 28 37    -178.628713  11 07 1981 14 34 06
11 09 1981 02 16 55    -175.695036  11 08 1981 14 34 08
11 10 1981 02 05 12    -172.754029  11 09 1981 14 34 11
11 11 1981 01 53 29    -169.815527  11 10 1981 14 34 13
11 12 1981 03 23 47     167.618560  11 12 1981 14 34 15
11 13 1981 03 12 03     170.557021  11 13 1981 14 34 17
11 14 1981 03 00 19     173.503088  11 14 1981 14 34 20
11 15 1981 02 48 35     176.444071  11 15 1981 14 34 22
11 16 1981 02 36 52     179.385039  11 16 1981 14 34 24
11 17 1981 02 25 07    -177.669167  11 16 1981 14 34 26
11 18 1981 02 13 22    -174.723102  11 17 1981 14 34 29
11 19 1981 02 01 37    -171.777054  11 18 1981 14 34 31
11 20 1981 01 49 52    -168.831022  11 19 1981 14 34 33
11 21 1981 03 20 08     168.611139  11 21 1981 14 34 35
11 22 1981 03 08 23     171.557141  11 22 1981 14 34 37
11 23 1981 02 56 38     174.505162  11 23 1981 14 34 39
11 24 1981 02 44 53     177.453484  11 24 1981 14 34 41
11 25 1981 02 33 07    -179.598202  11 24 1981 14 34 44
11 26 1981 02 21 22    -176.649894  11 25 1981 14 34 46
11 27 1981 02 09 36    -173.699745  11 26 1981 14 34 48
11 28 1981 01 57 51    -170.750546  11 27 1981 14 34 51
11 29 1981 01 46 05    -167.801353  11 28 1981 14 34 53
11 30 1981 03 16 20     169.646989  11 30 1981 14 34 55
12 01 1981 03 04 34     172.597622  12 01 1981 14 34 58
12 02 1981 02 52 48     175.548907  12 02 1981 14 35 00
12 03 1981 02 41 02     178.499978  12 03 1981 14 35 02
12 04 1981 02 29 16    -178.548951  12 03 1981 14 35 04
12 05 1981 02 17 30    -175.597878  12 04 1981 14 35 06
12 06 1981 02 05 44    -172.646565  12 05 1981 14 35 09
12 07 1981 01 53 57    -169.689308  12 06 1981 14 35 11
12 08 1981 01 42 09    -166.732048  12 07 1981 14 35 14
12 09 1981 03 12 23     170.722161  12 09 1981 14 35 16
12 10 1981 03 00 35     173.679428  12 10 1981 14 35 18
12 11 1981 02 48 47     176.637415  12 11 1981 14 35 20
12 12 1981 02 36 59     179.596393  12 12 1981 14 35 23
12 13 1981 02 25 12    -177.444054  12 12 1981 14 35 25
12 14 1981 02 13 23    -174.483791  12 13 1981 14 35 27
12 15 1981 02 01 35    -171.523511  12 14 1981 14 35 29
12 16 1981 01 49 47    -168.563213  12 15 1981 14 35 32
12 17 1981 03 19 59     168.900092  12 17 1981 14 35 35
12 18 1981 03 08 10     171.863826  12 18 1981 14 35 37
12 19 1981 02 56 21     174.827578  12 19 1981 14 35 39
12 20 1981 02 44 32     177.789536  12 20 1981 14 35 41
12 21 1981 02 32 43    -179.247283  12 20 1981 14 35 44
12 22 1981 02 20 54    -176.281979  12 21 1981 14 35 46
12 23 1981 02 09 05    -173.318361  12 22 1981 14 35 48
12 24 1981 01 57 16    -170.352483  12 23 1981 14 35 51
12 25 1981 01 45 27    -167.388262  12 24 1981 14 35 53
12 26 1981 03 15 38     170.073428  12 26 1981 14 35 56
12 27 1981 03 03 49     173.040179  12 27 1981 14 35 58
12 28 1981 02 51 59     176.005526  12 28 1981 14 36 00
12 29 1981 02 40 10     178.971144  12 29 1981 14 36 03
12 30 1981 02 28 20    -178.060493  12 29 1981 14 36 05
12 31 1981 02 16 30    -175.093689  12 30 1981 14 36 08
01 01 1982 02 04 40    -172.126496  12 31 1981 14 36 10
01 02 1982 01 52 50    -169.149885  01 01 1982 14 36 14
01 03 1982 03 23 00     168.317391  01 03 1982 14 36 16
01 04 1982 03 11 10     171.286453  01 04 1982 14 36 19
01 05 1982 02 59 20     174.254212  01 05 1982 14 36 21
01 06 1982 02 47 29     177.224433  01 06 1982 14 36 23
01 07 1982 02 35 38    -179.804865  01 06 1982 14 36 25
01 08 1982 02 23 48    -176.833699  01 07 1982 14 36 28
01 09 1982 02 11 57    -173.861972  01 08 1982 14 36 30
01 10 1982 02 00 06    -170.889756  01 09 1982 14 36 32
01 11 1982 01 48 14    -167.916960  01 10 1982 14 36 34
01 12 1982 03 18 24     169.554577  01 12 1982 14 36 37
01 13 1982 03 06 32     172.528541  01 13 1982 14 36 39
01 14 1982 02 54 41     175.503015  01 14 1982 14 36 42
01 15 1982 02 42 51     178.471324  01 15 1982 14 36 44
01 16 1982 02 30 59    -178.554118  01 15 1982 14 36 46
01 17 1982 02 19 07    -175.579101  01 16 1982 14 36 48
01 18 1982 02 07 16    -172.601134  01 17 1982 14 36 52
01 19 1982 01 55 24    -169.625648  01 18 1982 14 36 54
01 20 1982 01 43 33    -166.650561  01 19 1982 14 36 57
01 21 1982 03 13 42     170.822138  01 21 1982 14 36 59
01 22 1982 03 01 50     173.798342  01 22 1982 14 37 02
01 23 1982 02 49 58     176.774913  01 23 1982 14 37 04
01 24 1982 02 38 06     179.751851  01 24 1982 14 37 07
01 25 1982 02 26 15    -177.276377  01 24 1982 14 37 09
01 26 1982 02 14 23    -174.299612  01 25 1982 14 37 11
01 27 1982 02 02 31    -171.322547  01 26 1982 14 37 14
01 28 1982 01 50 39    -168.345181  01 27 1982 14 37 16
01 29 1982 03 20 47     169.133815  01 29 1982 14 37 19
01 30 1982 03 08 55     172.111974  01 30 1982 14 37 22
01 31 1982 02 57 03     175.090432  01 31 1982 14 37 24
02 01 1982 02 45 10     178.069187  02 01 1982 14 37 27
02 02 1982 02 33 18    -178.951761  02 01 1982 14 37 29
02 03 1982 02 21 24    -175.962647  02 02 1982 14 37 33
02 04 1982 02 09 31    -172.981448  02 03 1982 14 37 35
02 05 1982 01 57 37    -169.999896  02 04 1982 14 37 37
02 05 1982 01 57 38    -169.999864  02 04 1982 14 37 38
02 06 1982 01 45 44    -167.016319  02 05 1982 14 37 40
02 07 1982 03 15 50     170.467622  02 07 1982 14 37 43
02 08 1982 03 03 57     173.452300  02 08 1982 14 37 45
02 09 1982 02 52 02     176.438908  02 09 1982 14 37 48
02 10 1982 02 40 08     179.424785  02 10 1982 14 37 50
02 11 1982 02 28 14    -177.588841  02 10 1982 14 37 53
02 12 1982 02 16 19    -174.599621  02 11 1982 14 37 55
02 13 1982 02 04 25    -171.611797  02 12 1982 14 37 58
02 14 1982 01 52 30    -168.623448  02 13 1982 14 38 00
02 15 1982 03 22 35     168.864649  02 15 1982 14 38 03
02 16 1982 03 10 41     171.854079  02 16 1982 14 38 05
02 17 1982 02 58 45     174.844029  02 17 1982 14 38 08
02 18 1982 02 46 51     177.835857  02 18 1982 14 38 11
02 19 1982 02 34 55    -179.173588  02 18 1982 14 38 14
02 20 1982 02 23 00    -176.182559  02 19 1982 14 38 16
02 21 1982 02 11 05    -173.191058  02 20 1982 14 38 19
02 22 1982 01 59 09    -170.199087  02 21 1982 14 38 21
02 23 1982 01 47 14    -167.207942  02 22 1982 14 38 24
02 24 1982 03 17 19     170.284079  02 24 1982 14 38 27
02 25 1982 03 05 23     173.277082  02 25 1982 14 38 29
02 26 1982 02 53 27     176.271517  02 26 1982 14 38 32
02 27 1982 02 41 31     179.265159  02 27 1982 14 38 35
02 28 1982 02 29 35    -177.740795  02 27 1982 14 38 38
03 01 1982 02 17 39    -174.746346  02 28 1982 14 38 40
03 02 1982 02 05 43    -171.751495  03 01 1982 14 38 43
03 03 1982 01 53 46    -168.752419  03 02 1982 14 38 46
03 04 1982 03 23 50     168.743916  03 04 1982 14 38 49
03 05 1982 03 11 53     171.741060  03 05 1982 14 38 51
03 06 1982 02 59 56     174.739840  03 06 1982 14 38 54
03 07 1982 02 47 59     177.738526  03 07 1982 14 38 56
03 08 1982 02 36 02    -179.259670  03 07 1982 14 38 59
03 09 1982 02 24 04    -176.259540  03 08 1982 14 39 02
03 10 1982 02 12 07    -173.259095  03 09 1982 14 39 05
03 11 1982 02 00 09    -170.257918  03 10 1982 14 39 07
03 12 1982 01 48 11    -167.256137  03 11 1982 14 39 10
03 13 1982 03 18 14     170.246806  03 13 1982 14 39 13
03 14 1982 03 06 16     173.249631  03 14 1982 14 39 16
03 15 1982 02 54 18     176.253035  03 15 1982 14 39 18
03 16 1982 02 42 20     179.256390  03 16 1982 14 39 21
03 17 1982 02 30 22    -177.741943  03 16 1982 14 39 24
03 18 1982 02 18 23    -174.737427  03 17 1982 14 39 26
03 19 1982 02 06 25    -171.733442  03 18 1982 14 39 29
03 20 1982 01 54 27    -168.728296  03 19 1982 14 39 32
03 21 1982 01 42 28    -165.722661  03 20 1982 14 39 35
03 22 1982 03 12 30     171.783267  03 22 1982 14 39 38
03 23 1982 03 00 31     174.789585  03 23 1982 14 39 41
03 24 1982 02 48 32     177.796360  03 24 1982 14 39 43
03 25 1982 02 36 33    -179.196407  03 24 1982 14 39 46
03 26 1982 02 24 34    -176.188715  03 25 1982 14 39 49
03 27 1982 02 12 35    -173.178419  03 26 1982 14 39 52
03 28 1982 02 00 36    -170.170036  03 27 1982 14 39 55
03 29 1982 01 48 37    -167.161217  03 28 1982 14 39 58
03 30 1982 03 18 37     170.348716  03 30 1982 14 40 01
03 31 1982 03 06 38     173.358439  03 31 1982 14 40 04
04 01 1982 02 54 38     176.368599  04 01 1982 14 40 06
04 02 1982 02 42 38     179.379198  04 02 1982 14 40 09
04 03 1982 02 30 38    -177.609763  04 02 1982 14 40 12
04 04 1982 02 18 38    -174.598284  04 03 1982 14 40 15
04 05 1982 02 06 38    -171.586363  04 04 1982 14 40 17
04 06 1982 01 54 38    -168.574000  04 05 1982 14 40 20
04 07 1982 01 42 38    -165.561192  04 06 1982 14 40 23
04 08 1982 03 12 37     171.953023  04 08 1982 14 40 26
04 09 1982 03 00 36     174.973925  04 09 1982 14 40 30
04 10 1982 02 48 36     177.988295  04 10 1982 14 40 33
04 11 1982 02 36 35    -178.996907  04 10 1982 14 40 36
04 12 1982 02 24 34    -175.981681  04 11 1982 14 40 39
04 13 1982 02 12 33    -172.966026  04 12 1982 14 40 41
04 14 1982 02 00 32    -169.949940  04 13 1982 14 40 44
04 15 1982 01 48 31    -166.933423  04 14 1982 14 40 47
04 16 1982 03 18 30     170.584756  04 16 1982 14 40 50
04 17 1982 03 06 29     173.602172  04 17 1982 14 40 53
04 18 1982 02 54 27     176.620025  04 18 1982 14 40 56
04 19 1982 02 42 26     179.638314  04 19 1982 14 40 59
04 20 1982 02 30 24    -177.342959  04 19 1982 14 41 02
04 21 1982 02 18 23    -174.325620  04 20 1982 14 41 05
04 22 1982 02 06 16    -171.287230  04 21 1982 14 41 07
04 23 1982 01 54 17    -168.300753  04 22 1982 14 41 05
04 24 1982 01 42 17    -165.277379  04 23 1982 14 41 11
04 25 1982 03 12 16     172.245386  04 25 1982 14 41 15
04 26 1982 03 00 14     175.264857  04 26 1982 14 41 18
04 27 1982 02 48 12     178.284581  04 27 1982 14 41 20
04 28 1982 02 36 10    -178.687748  04 27 1982 14 41 25
04 29 1982 02 24 08    -175.667435  04 28 1982 14 41 28
04 30 1982 02 12 06    -172.646870  04 29 1982 14 41 31
05 01 1982 02 00 04    -169.626050  04 30 1982 14 41 34
05 02 1982 01 48 02    -166.601504  05 01 1982 14 41 38
05 03 1982 03 17 59     170.921678  05 03 1982 14 41 41
05 04 1982 03 05 57     173.943604  05 04 1982 14 41 44
05 05 1982 02 53 55     176.965810  05 05 1982 14 41 47
05 06 1982 02 41 52     179.988297  05 06 1982 14 41 49
05 07 1982 02 29 50    -176.988934  05 06 1982 14 41 52
05 08 1982 02 17 47    -173.961529  05 07 1982 14 41 56
05 09 1982 02 05 44    -170.938030  05 08 1982 14 41 59
05 10 1982 01 53 42    -167.914242  05 09 1982 14 42 02
05 11 1982 03 23 39     169.611566  05 11 1982 14 42 05
05 12 1982 03 11 36     172.635953  05 12 1982 14 42 08
05 13 1982 02 59 33     175.660630  05 13 1982 14 42 11
05 14 1982 02 47 30     178.682054  05 14 1982 14 42 14
05 15 1982 02 35 27    -178.293404  05 14 1982 14 42 17
05 16 1982 02 23 24    -175.268636  05 15 1982 14 42 20
05 17 1982 02 11 22    -172.243564  05 16 1982 14 42 23
05 18 1982 01 59 19    -169.218697  05 17 1982 14 42 26
05 19 1982 01 47 15    -166.193634  05 18 1982 14 42 29
05 20 1982 03 17 12     171.333438  05 20 1982 14 42 32
05 21 1982 03 05 09     174.358909  05 21 1982 14 42 35
05 22 1982 02 53 06     177.384575  05 22 1982 14 42 38
05 23 1982 02 41 03    -179.589562  05 22 1982 14 42 41
05 24 1982 02 28 59    -176.563504  05 23 1982 14 42 44
05 25 1982 02 16 56    -173.537251  05 24 1982 14 42 47
05 26 1982 02 04 53    -170.510805  05 25 1982 14 42 50
05 27 1982 01 52 49    -167.477534  05 26 1982 14 42 54
05 28 1982 03 22 45     170.051210  05 28 1982 14 42 58
05 29 1982 03 10 42     173.078231  05 29 1982 14 43 01
05 30 1982 02 58 38     176.105438  05 30 1982 14 43 04
05 31 1982 02 46 35     179.132831  05 31 1982 14 43 07
06 01 1982 02 34 31    -177.839593  05 31 1982 14 43 10
06 02 1982 02 22 27    -174.811832  06 01 1982 14 43 13
06 03 1982 02 10 24    -171.783890  06 02 1982 14 43 16
06 04 1982 01 58 20    -168.755765  06 03 1982 14 43 19
06 05 1982 01 46 16    -165.727460  06 04 1982 14 43 22
06 06 1982 03 16 12     171.803065  06 06 1982 14 43 25
06 07 1982 03 04 08     174.834076  06 07 1982 14 43 28
06 08 1982 02 52 04     177.862769  06 08 1982 14 43 31
06 09 1982 02 40 00    -179.108409  06 08 1982 14 43 34
06 10 1982 02 27 56    -176.079458  06 09 1982 14 43 37
06 11 1982 02 15 52    -173.050378  06 10 1982 14 43 40
06 12 1982 02 03 48    -170.017646  06 11 1982 14 43 44
06 13 1982 01 51 44    -166.987442  06 12 1982 14 43 47
06 14 1982 03 21 39     170.545311  06 14 1982 14 43 50
06 15 1982 03 09 35     173.576113  06 15 1982 14 43 53
06 16 1982 02 57 31     176.606657  06 16 1982 14 43 56
06 17 1982 02 45 27     179.637427  06 17 1982 14 44 00
06 18 1982 02 33 22    -177.333270  06 17 1982 14 44 02
06 19 1982 02 21 18    -174.302340  06 18 1982 14 44 05
06 20 1982 02 09 14    -171.271211  06 19 1982 14 44 08
06 21 1982 01 57 09    -168.239885  06 20 1982 14 44 11
06 22 1982 01 45 05    -165.208362  06 21 1982 14 44 15
06 23 1982 03 15 00     172.325628  06 23 1982 14 44 18
06 24 1982 03 02 55     175.360129  06 24 1982 14 44 22
06 25 1982 02 50 51     178.392050  06 25 1982 14 44 25
06 26 1982 02 38 46    -178.575865  06 25 1982 14 44 28
06 27 1982 02 26 42    -175.543615  06 26 1982 14 44 31
06 28 1982 02 14 37    -172.511375  06 27 1982 14 44 34
06 29 1982 02 02 32    -169.478875  06 28 1982 14 44 37
06 30 1982 01 50 28    -166.446218  06 29 1982 14 44 40
07 01 1982 03 20 22     171.088943  07 01 1982 14 44 44
07 02 1982 03 08 17     174.127967  07 02 1982 14 44 47
07 03 1982 02 56 12     177.160448  07 03 1982 14 44 51
07 04 1982 02 44 07    -179.807037  07 03 1982 14 44 54
07 05 1982 02 32 02    -176.774489  07 04 1982 14 44 57
07 06 1982 02 19 58    -173.741909  07 05 1982 14 45 00
07 07 1982 02 07 53    -170.709299  07 06 1982 14 45 03
07 08 1982 01 55 48    -167.676657  07 07 1982 14 45 06
07 09 1982 01 43 43    -164.639757  07 08 1982 14 45 10
07 10 1982 03 13 38     172.895843  07 10 1982 14 45 13
07 11 1982 03 01 33     175.929204  07 11 1982 14 45 16
07 12 1982 02 49 28     178.962696  07 12 1982 14 45 19
07 13 1982 02 37 23    -178.004405  07 12 1982 14 45 22
07 14 1982 02 25 18    -174.970972  07 13 1982 14 45 25
07 15 1982 02 13 13    -171.937454  07 14 1982 14 45 28
07 16 1982 02 01 08    -168.897674  07 15 1982 14 45 32
07 17 1982 01 49 02    -165.863054  07 16 1982 14 45 35
07 18 1982 03 18 57     171.674402  07 18 1982 14 45 39
07 19 1982 03 06 51     174.709515  07 19 1982 14 45 42
07 20 1982 02 54 46     177.745097  07 20 1982 14 45 45
07 21 1982 02 42 41    -179.219064  07 20 1982 14 45 48
07 22 1982 02 30 35    -176.182713  07 21 1982 14 45 51
07 23 1982 02 18 30    -173.146818  07 22 1982 14 45 54
07 24 1982 02 06 24    -170.110733  07 23 1982 14 45 58
07 25 1982 01 54 19    -167.074457  07 24 1982 14 46 01
07 26 1982 01 42 13    -164.037992  07 25 1982 14 46 04
07 27 1982 03 12 07     173.501291  07 27 1982 14 46 07
07 28 1982 03 00 01     176.538353  07 28 1982 14 46 11
07 29 1982 02 47 56     179.574588  07 29 1982 14 46 14
07 30 1982 02 35 50    -177.389169  07 29 1982 14 46 17
07 31 1982 02 23 45    -174.352919  07 30 1982 14 46 20
08 01 1982 02 11 39    -171.312568  07 31 1982 14 46 24
08 02 1982 01 59 33    -168.275866  08 01 1982 14 46 27
08 03 1982 01 47 27    -165.239058  08 02 1982 14 46 30
08 04 1982 03 17 21     172.300497  08 04 1982 14 46 33
08 05 1982 03 05 15     175.337526  08 05 1982 14 46 36
08 06 1982 02 53 10     178.374664  08 06 1982 14 46 40
08 07 1982 02 41 04    -178.588090  08 06 1982 14 46 43
08 08 1982 02 28 58    -175.550733  08 07 1982 14 46 46
08 09 1982 02 16 52    -172.509457  08 08 1982 14 46 50
08 10 1982 02 04 46    -169.471518  08 09 1982 14 46 53
08 11 1982 01 52 40    -166.433423  08 10 1982 14 46 56
08 12 1982 03 22 34     171.107569  08 12 1982 14 46 59
08 13 1982 03 10 28     174.145992  08 13 1982 14 47 03
08 14 1982 02 58 21     177.184576  08 14 1982 14 47 06
08 15 1982 02 46 15    -179.776679  08 14 1982 14 47 09
08 16 1982 02 34 09    -176.737772  08 15 1982 14 47 12
08 17 1982 02 22 03    -173.698701  08 16 1982 14 47 15
08 18 1982 02 09 56    -170.655494  08 17 1982 14 47 19
08 19 1982 01 57 50    -167.615747  08 18 1982 14 47 22
08 20 1982 01 45 44    -164.575810  08 19 1982 14 47 25
08 21 1982 03 15 37     172.967191  08 21 1982 14 47 29
08 22 1982 03 03 30     176.007523  08 22 1982 14 47 32
08 23 1982 02 51 24     179.048049  08 23 1982 14 47 35
08 24 1982 02 39 17    -177.908679  08 23 1982 14 47 39
08 25 1982 02 27 10    -174.868529  08 24 1982 14 47 42
08 26 1982 02 15 04    -171.828361  08 25 1982 14 47 45
08 27 1982 02 02 58    -168.788173  08 26 1982 14 47 48
08 28 1982 01 50 51    -165.745530  08 27 1982 14 47 52
08 29 1982 03 20 44     171.797853  08 29 1982 14 47 55
08 30 1982 03 08 37     174.842137  08 30 1982 14 47 59
08 31 1982 02 56 30     177.883156  08 31 1982 14 48 02
09 01 1982 02 44 23    -179.075748  08 31 1982 14 48 05
09 02 1982 02 32 17    -176.034572  09 01 1982 14 48 08
09 03 1982 02 20 10    -172.993317  09 02 1982 14 48 11
09 04 1982 02 08 03    -169.947093  09 03 1982 14 48 15
09 05 1982 01 55 56    -166.904284  09 04 1982 14 48 18
09 06 1982 01 43 48    -163.861064  09 05 1982 14 48 22
09 07 1982 03 13 41     173.686339  09 07 1982 14 48 25
09 08 1982 03 01 34     176.729878  09 08 1982 14 48 29
09 09 1982 02 49 26     179.773686  09 09 1982 14 48 32
09 10 1982 02 37 19    -177.182231  09 09 1982 14 48 35
09 11 1982 02 25 11    -174.137872  09 10 1982 14 48 38
09 12 1982 02 13 04    -171.093237  09 11 1982 14 48 42
09 13 1982 02 00 56    -168.048325  09 12 1982 14 48 45
09 14 1982 01 48 49    -164.998923  09 13 1982 14 48 49
09 15 1982 03 18 41     172.549555  09 15 1982 14 48 53
09 16 1982 03 06 33     175.595052  09 16 1982 14 48 56
09 17 1982 02 54 25     178.640790  09 17 1982 14 48 59
09 18 1982 02 42 18    -178.313230  09 17 1982 14 49 02
09 19 1982 02 30 10    -175.267009  09 18 1982 14 49 06
09 20 1982 02 18 02    -172.220545  09 19 1982 14 49 09
09 21 1982 02 05 54    -169.171828  09 20 1982 14 49 13
09 22 1982 01 53 46    -166.124913  09 21 1982 14 49 16
09 23 1982 03 23 38     171.425607  09 23 1982 14 49 20
09 24 1982 03 11 30     174.472997  09 24 1982 14 49 23
09 25 1982 02 59 21     177.520616  09 25 1982 14 49 26
09 26 1982 02 47 13    -179.431535  09 25 1982 14 49 30
09 27 1982 02 35 05    -176.383458  09 26 1982 14 49 33
09 28 1982 02 22 56    -173.329903  09 27 1982 14 49 37
09 29 1982 02 10 48    -170.280879  09 28 1982 14 49 41
09 30 1982 01 58 39    -167.231589  09 29 1982 14 49 44
10 01 1982 01 46 31    -164.182034  09 30 1982 14 49 47
10 02 1982 03 16 22     173.371355  10 02 1982 14 49 51
10 03 1982 03 04 13     176.421459  10 03 1982 14 49 54
10 04 1982 02 52 04     179.474430  10 04 1982 14 49 58
10 05 1982 02 39 55    -177.473896  10 04 1982 14 50 01
10 06 1982 02 27 46    -174.422597  10 05 1982 14 50 04
10 07 1982 02 15 36    -171.365373  10 06 1982 14 50 09
10 08 1982 02 03 27    -168.312893  10 07 1982 14 50 12
10 09 1982 01 51 17    -165.256775  10 08 1982 14 50 16
10 10 1982 03 21 07     172.300644  10 10 1982 14 50 19
10 11 1982 03 08 58     175.354601  10 11 1982 14 50 23
10 12 1982 02 56 48     178.408909  10 12 1982 14 50 26
10 13 1982 02 44 38    -178.536434  10 12 1982 14 50 29
10 14 1982 02 32 28    -175.481426  10 13 1982 14 50 33
10 15 1982 02 20 18    -172.426072  10 14 1982 14 50 36
10 16 1982 02 08 08    -169.370370  10 15 1982 14 50 40
10 17 1982 01 55 58    -166.314323  10 16 1982 14 50 43
10 18 1982 01 43 48    -163.257932  10 17 1982 14 50 46
10 19 1982 03 13 37     174.302867  10 19 1982 14 50 50
10 20 1982 03 01 27     177.359967  10 20 1982 14 50 53
10 21 1982 02 49 17    -179.575768  10 20 1982 14 50 59
10 22 1982 02 37 07    -176.518047  10 21 1982 14 51 03
10 23 1982 02 24 57    -173.459987  10 22 1982 14 51 06
10 24 1982 02 12 46    -170.401589  10 23 1982 14 51 10
10 25 1982 02 00 35    -167.342855  10 24 1982 14 51 13
10 26 1982 01 48 25    -164.283786  10 25 1982 14 51 17
10 27 1982 03 18 13     173.279872  10 27 1982 14 51 20
10 28 1982 03 06 02     176.339630  10 28 1982 14 51 24
10 29 1982 02 53 51     179.399720  10 29 1982 14 51 27
10 30 1982 02 41 40    -177.539860  10 29 1982 14 51 31
10 31 1982 02 29 29    -174.479111  10 30 1982 14 51 34
11 01 1982 02 17 18    -171.418035  10 31 1982 14 51 38
11 02 1982 02 05 07    -168.352956  11 01 1982 14 51 42
11 03 1982 01 52 55    -165.290690  11 02 1982 14 51 45
11 04 1982 03 22 43     172.276551  11 04 1982 14 51 49
11 05 1982 03 10 31     175.339579  11 05 1982 14 51 53
11 06 1982 02 58 20     178.402966  11 06 1982 14 51 56
11 07 1982 02 46 08    -178.533287  11 06 1982 14 52 00
11 08 1982 02 33 56    -175.469183  11 07 1982 14 52 03
11 09 1982 02 21 44    -172.404723  11 08 1982 14 52 07
11 10 1982 02 09 32    -169.339906  11 09 1982 14 52 10
11 11 1982 01 57 20    -166.267667  11 10 1982 14 52 15
11 12 1982 01 45 07    -163.202193  11 11 1982 14 52 19
11 13 1982 03 14 54     174.368151  11 13 1982 14 52 23
11 14 1982 03 02 42     177.433984  11 14 1982 14 52 26
11 15 1982 02 50 30    -179.500009  11 14 1982 14 52 30
11 16 1982 02 38 18    -176.433829  11 15 1982 14 52 34
11 17 1982 02 26 05    -173.367478  11 16 1982 14 52 37
11 18 1982 02 13 53    -170.300956  11 17 1982 14 52 41
11 19 1982 02 01 40    -167.231999  11 18 1982 14 52 45
11 20 1982 01 49 28    -164.164406  11 19 1982 14 52 48
11 21 1982 03 19 14     173.408344  11 21 1982 14 52 52
11 22 1982 03 07 01     176.476550  11 22 1982 14 52 56
11 23 1982 02 54 49     179.545028  11 23 1982 14 53 00
11 24 1982 02 42 36    -177.386607  11 23 1982 14 53 03
11 25 1982 02 30 23    -174.318128  11 24 1982 14 53 07
11 26 1982 02 18 10    -171.244737  11 25 1982 14 53 11
11 27 1982 02 05 57    -168.175157  11 26 1982 14 53 15
11 28 1982 01 53 44    -165.105594  11 27 1982 14 53 19
11 29 1982 03 23 29     172.471063  11 29 1982 14 53 23
11 30 1982 03 11 16     175.541552  11 30 1982 14 53 26
12 01 1982 02 59 03     178.612970  12 01 1982 14 53 30
12 02 1982 02 46 49    -178.316077  12 01 1982 14 53 34
12 03 1982 02 34 36    -175.245145  12 02 1982 14 53 37
12 04 1982 02 22 22    -172.164942  12 03 1982 14 53 42
12 05 1982 02 10 09    -169.093457  12 04 1982 14 53 46
12 06 1982 01 57 55    -166.021200  12 05 1982 14 53 50
12 07 1982 01 45 41    -162.948383  12 06 1982 14 53 54
12 08 1982 03 15 27     174.629655  12 08 1982 14 53 58
12 09 1982 03 03 13     177.702477  12 09 1982 14 54 02
12 10 1982 02 51 00    -179.224714  12 09 1982 14 54 06
12 11 1982 02 38 46    -176.151916  12 10 1982 14 54 09
12 12 1982 02 26 31    -173.084941  12 11 1982 14 54 10
12 13 1982 02 14 17    -170.010615  12 12 1982 14 54 14
12 14 1982 02 02 02    -166.936011  12 13 1982 14 54 18
12 15 1982 01 49 48    -163.861127  12 14 1982 14 54 21
12 16 1982 03 19 33     173.719417  12 16 1982 14 54 25
12 17 1982 03 07 16     176.809805  12 17 1982 14 54 31
12 17 1982 03 07 18     176.794818  12 17 1982 14 54 29
12 18 1982 02 55 02     179.886570  12 18 1982 14 54 34
12 19 1982 02 42 47    -177.035159  12 18 1982 14 54 38
12 20 1982 02 30 32    -173.957455  12 19 1982 14 54 42
12 21 1982 02 18 17    -170.879749  12 20 1982 14 54 46
12 22 1982 02 06 01    -167.794881  12 21 1982 14 54 50
12 23 1982 01 53 46    -164.715414  12 22 1982 14 54 54
12 24 1982 03 23 29     172.870161  12 24 1982 14 54 58
12 25 1982 03 11 14     175.950436  12 25 1982 14 55 02
12 26 1982 02 58 58     179.031101  12 26 1982 14 55 06
12 27 1982 02 46 43    -177.888976  12 26 1982 14 55 10
12 28 1982 02 34 27    -174.807652  12 27 1982 14 55 13
12 29 1982 02 22 12    -171.726320  12 28 1982 14 55 17
12 30 1982 02 09 56    -168.644981  12 29 1982 14 55 21
12 31 1982 01 57 40    -165.563633  12 30 1982 14 55 25
01 01 1983 01 45 24    -162.482274  12 31 1982 14 55 29
01 02 1983 03 15 08     175.108479  01 02 1983 14 55 34
01 03 1983 03 02 52     178.191100  01 03 1983 14 55 37
01 04 1983 02 50 36    -178.726259  01 03 1983 14 55 41
01 05 1983 02 38 20    -175.643599  01 04 1983 14 55 45
01 06 1983 02 26 04    -172.560165  01 05 1983 14 55 49
01 07 1983 02 13 48    -169.476927  01 06 1983 14 55 53
01 08 1983 02 01 32    -166.393669  01 07 1983 14 55 57
01 09 1983 01 49 16    -163.310390  01 08 1983 14 56 01
01 10 1983 03 18 58     174.279648  01 10 1983 14 56 05
01 11 1983 03 06 42     177.363861  01 11 1983 14 56 09
01 12 1983 02 54 25    -179.551901  01 11 1983 14 56 13
01 13 1983 02 42 09    -176.467638  01 12 1983 14 56 17
01 14 1983 02 29 53    -173.383350  01 13 1983 14 56 21
01 15 1983 02 17 36    -170.299035  01 14 1983 14 56 25
01 16 1983 02 05 20    -167.214694  01 15 1983 14 56 28
01 17 1983 01 53 04    -164.130324  01 16 1983 14 56 32
01 18 1983 03 22 46     173.462316  01 18 1983 14 56 37
01 19 1983 03 10 29     176.548644  01 19 1983 14 56 41
01 20 1983 02 58 12     179.635005  01 20 1983 14 56 45
01 21 1983 02 45 56    -177.278601  01 20 1983 14 56 49
01 22 1983 02 33 39    -174.192173  01 21 1983 14 56 53
01 23 1983 02 21 22    -171.105711  01 22 1983 14 56 57
01 24 1983 02 09 05    -168.019214  01 23 1983 14 57 01
01 25 1983 01 56 48    -164.932683  01 24 1983 14 57 04
01 26 1983 01 44 32    -161.844279  01 25 1983 14 57 09
01 27 1983 03 14 13     175.748612  01 27 1983 14 57 13
01 28 1983 03 01 57     178.835340  01 28 1983 14 57 17
01 29 1983 02 49 40    -178.077906  01 28 1983 14 57 21
01 30 1983 02 37 23    -174.991124  01 29 1983 14 57 25
01 31 1983 02 25 06    -171.900945  01 30 1983 14 57 30
02 01 1983 02 12 49    -168.813372  01 31 1983 14 57 34
02 02 1983 02 00 32    -165.725648  02 01 1983 14 57 38
02 08 1983 02 28 47    -172.689413  02 07 1983 14 58 01
02 09 1983 02 16 29    -169.600043  02 08 1983 14 58 05
02 10 1983 02 04 12    -166.508301  02 09 1983 14 58 10
02 11 1983 01 51 54    -163.418198  02 10 1983 14 58 14
02 12 1983 03 21 35     174.178622  02 12 1983 14 58 18
02 13 1983 03 09 18     177.268342  02 13 1983 14 58 22
02 14 1983 02 57 00    -179.641396  02 13 1983 14 58 26
02 15 1983 02 44 42    -176.550959  02 14 1983 14 58 30
02 16 1983 02 32 25    -173.460350  02 15 1983 14 58 34
02 17 1983 02 20 07    -170.370033  02 16 1983 14 58 38
02 18 1983 02 07 49    -167.279434  02 17 1983 14 58 42
02 19 1983 01 55 32    -164.188706  02 18 1983 14 58 46
02 20 1983 01 43 14    -161.097115  02 19 1983 14 58 51
02 21 1983 03 12 55     176.500407  02 21 1983 14 58 55
02 22 1983 03 00 37     179.591556  02 22 1983 14 58 59
02 23 1983 02 48 19    -177.317171  02 22 1983 14 59 03
02 24 1983 02 36 01    -174.225776  02 23 1983 14 59 07
02 25 1983 02 23 43    -171.133685  02 24 1983 14 59 11
02 26 1983 02 11 26    -168.042087  02 25 1983 14 59 15
02 27 1983 01 59 08    -164.950373  02 26 1983 14 59 19
02 28 1983 01 46 50    -161.858545  02 27 1983 14 59 24
03 01 1983 03 16 30     175.739968  03 01 1983 14 59 28
03 02 1983 03 04 12     178.832029  03 02 1983 14 59 32
03 03 1983 02 51 54    -178.075799  03 02 1983 14 59 36
03 04 1983 02 39 36    -174.983518  03 03 1983 14 59 40
03 05 1983 02 27 18    -171.883469  03 04 1983 14 59 46
03 06 1983 02 15 00    -168.790288  03 05 1983 14 59 50
03 07 1983 02 02 41    -165.696946  03 06 1983 14 59 54
03 08 1983 01 50 23    -162.603443  03 07 1983 14 59 58
03 09 1983 03 20 03     174.996916  03 09 1983 15 00 03
03 10 1983 03 07 45     178.090747  03 10 1983 15 00 07
03 11 1983 02 55 26    -178.815264  03 10 1983 15 00 11
03 12 1983 02 43 08    -175.721120  03 11 1983 15 00 15
03 13 1983 02 30 50    -172.628204  03 12 1983 15 00 19
03 14 1983 02 18 31    -169.534077  03 13 1983 15 00 23
03 15 1983 02 06 13    -166.439824  03 14 1983 15 00 27
03 16 1983 01 53 54    -163.345447  03 15 1983 15 00 31
03 17 1983 03 23 34     174.255810  03 17 1983 15 00 36
03 18 1983 03 11 16     177.350443  03 18 1983 15 00 40
03 19 1983 02 58 57    -179.551010  03 18 1983 15 00 45
03 20 1983 02 46 39    -176.456334  03 19 1983 15 00 49
03 21 1983 02 34 20    -173.361590  03 20 1983 15 00 54
03 22 1983 02 22 02    -170.266780  03 21 1983 15 00 58
03 23 1983 02 09 43    -167.171904  03 22 1983 15 01 02
03 24 1983 01 57 25    -164.076963  03 23 1983 15 01 06
03 25 1983 01 45 06    -160.978706  03 24 1983 15 01 11
03 26 1983 03 14 46     176.623750  03 26 1983 15 01 15
03 27 1983 03 02 27     179.719519  03 27 1983 15 01 20
03 28 1983 02 50 08    -177.184573  03 27 1983 15 01 24
03 29 1983 02 37 50    -174.089902  03 28 1983 15 01 28
03 30 1983 02 25 31    -170.994306  03 29 1983 15 01 32
03 31 1983 02 13 12    -167.898661  03 30 1983 15 01 36
04 01 1983 02 00 53    -164.800378  03 31 1983 15 01 41
04 02 1983 01 48 34    -161.703825  04 01 1983 15 01 45
04 03 1983 03 18 14     175.899785  04 03 1983 15 01 50
04 04 1983 03 05 55     178.996636  04 04 1983 15 01 54
04 05 1983 02 53 36    -177.906369  04 04 1983 15 01 58
04 06 1983 02 41 17    -174.809367  04 05 1983 15 02 03
04 07 1983 02 28 58    -171.712501  04 06 1983 15 02 07
04 08 1983 02 16 39    -168.615547  04 07 1983 15 02 12
04 09 1983 02 04 20    -165.518504  04 08 1983 15 02 16
04 10 1983 01 52 01    -162.421372  04 09 1983 15 02 20
04 11 1983 03 21 41     175.182961  04 11 1983 15 02 25
04 12 1983 03 09 22     178.280230  04 12 1983 15 02 29
04 13 1983 02 57 03    -178.622417  04 12 1983 15 02 33
04 14 1983 02 44 44    -175.524978  04 13 1983 15 02 38
04 15 1983 02 32 25    -172.427454  04 14 1983 15 02 42
04 16 1983 02 20 05    -169.329842  04 15 1983 15 02 46
04 17 1983 02 07 46    -166.229730  04 16 1983 15 02 51
04 18 1983 01 55 27    -163.131937  04 17 1983 15 02 56
04 19 1983 01 43 08    -160.034063  04 18 1983 15 03 00
04 20 1983 03 12 48     177.570894  04 20 1983 15 03 05
04 26 1983 01 58 52    -163.834821  04 25 1983 15 03 31
04 27 1983 01 46 32    -160.735726  04 26 1983 15 03 36
04 28 1983 03 16 11     176.870587  04 28 1983 15 03 40
04 29 1983 03 03 52     179.969944  04 29 1983 15 03 45
04 30 1983 02 51 32    -176.928725  04 29 1983 15 03 49
05 01 1983 02 39 13    -173.829063  04 30 1983 15 03 54
05 02 1983 02 26 53    -170.729269  05 01 1983 15 03 58
05 03 1983 02 14 34    -167.629342  05 02 1983 15 04 03
05 04 1983 02 02 14    -164.528941  05 03 1983 15 04 07
05 05 1983 01 49 54    -161.428639  05 04 1983 15 04 11
05 06 1983 03 19 33     176.178520  05 06 1983 15 04 16
05 07 1983 03 07 13     179.279598  05 07 1983 15 04 20
05 08 1983 02 54 54    -177.615820  05 07 1983 15 04 26
05 09 1983 02 42 34    -174.514860  05 08 1983 15 04 30
05 10 1983 02 30 14    -171.414295  05 09 1983 15 04 34
05 11 1983 02 17 54    -168.313689  05 10 1983 15 04 39
05 12 1983 02 05 34    -165.210981  05 11 1983 15 04 43
05 13 1983 01 53 14    -162.109398  05 12 1983 15 04 48
05 14 1983 03 22 52     175.499627  05 14 1983 15 04 52
05 15 1983 03 10 32     178.601557  05 15 1983 15 04 57
05 16 1983 02 58 13    -178.296418  05 15 1983 15 05 01
05 17 1983 02 45 53    -175.194624  05 16 1983 15 05 06
05 18 1983 02 33 33    -172.092727  05 17 1983 15 05 10
05 19 1983 02 21 12    -168.990727  05 18 1983 15 05 15
05 20 1983 02 08 52    -165.888622  05 19 1983 15 05 19
05 21 1983 01 56 32    -162.782516  05 20 1983 15 05 24
05 22 1983 01 44 12    -159.679659  05 21 1983 15 05 29
05 23 1983 03 13 50     177.930720  05 23 1983 15 05 33
05 24 1983 03 01 30    -178.966092  05 23 1983 15 05 38
05 25 1983 02 49 09    -175.862745  05 24 1983 15 05 42
05 26 1983 02 36 49    -172.759235  05 25 1983 15 05 47
05 27 1983 02 24 28    -169.653184  05 26 1983 15 05 52
05 28 1983 02 12 08    -166.549246  05 27 1983 15 05 56
05 29 1983 01 59 48    -163.445136  05 28 1983 15 06 01
05 30 1983 01 47 27    -160.340852  05 29 1983 15 06 05
05 31 1983 03 17 05     177.271074  05 31 1983 15 06 10
06 01 1983 03 04 44    -179.624283  05 31 1983 15 06 14
06 02 1983 02 52 24    -176.519465  06 01 1983 15 06 19
06 03 1983 02 40 03    -173.413837  06 02 1983 15 06 24
06 04 1983 02 27 43    -170.309205  06 03 1983 15 06 28
06 05 1983 02 15 22    -167.204469  06 04 1983 15 06 33
06 06 1983 02 03 01    -164.099628  06 05 1983 15 06 37
06 07 1983 01 50 40    -160.994682  06 06 1983 15 06 42
06 08 1983 03 20 18     176.617875  06 08 1983 15 06 47
06 09 1983 03 07 57     179.725659  06 09 1983 15 06 51
06 10 1983 02 55 36    -177.168862  06 09 1983 15 06 56
06 11 1983 02 43 16    -174.063268  06 10 1983 15 07 00
06 12 1983 02 30 55    -170.957559  06 11 1983 15 07 05
06 13 1983 02 18 34    -167.851735  06 12 1983 15 07 09
06 14 1983 02 06 13    -164.745798  06 13 1983 15 07 14
06 15 1983 01 53 52    -161.639749  06 14 1983 15 07 18
06 16 1983 03 23 29     175.974000  06 16 1983 15 07 23
06 17 1983 03 11 08     179.084159  06 17 1983 15 07 28
06 18 1983 02 58 47    -177.809133  06 17 1983 15 07 33
06 19 1983 02 46 26    -174.702300  06 18 1983 15 07 37
06 20 1983 02 34 05    -171.595341  06 19 1983 15 07 42
06 21 1983 02 21 43    -168.488258  06 20 1983 15 07 46
06 22 1983 02 09 22    -165.381053  06 21 1983 15 07 51
06 23 1983 01 57 01    -162.273725  06 22 1983 15 07 55
06 24 1983 01 44 40    -159.166277  06 23 1983 15 08 00
06 25 1983 03 14 17     178.448979  06 25 1983 15 08 05
06 26 1983 03 01 55    -178.435687  06 25 1983 15 08 11
06 27 1983 02 49 34    -175.328069  06 26 1983 15 08 15
06 28 1983 02 37 13    -172.220332  06 27 1983 15 08 20
06 29 1983 02 24 51    -169.112476  06 28 1983 15 08 24
06 30 1983 02 12 30    -166.004502  06 29 1983 15 08 29
07 01 1983 02 00 08    -162.896412  06 30 1983 15 08 33
07 13 1983 02 55 45    -176.568833  07 12 1983 15 09 29
07 14 1983 02 43 24    -173.459952  07 13 1983 15 09 33
07 15 1983 02 31 02    -170.351056  07 14 1983 15 09 38
07 16 1983 02 18 40    -167.242147  07 15 1983 15 09 42
07 17 1983 02 06 18    -164.129384  07 16 1983 15 09 47
07 18 1983 01 53 57    -161.019822  07 17 1983 15 09 52
07 19 1983 03 23 33     176.597653  07 19 1983 15 09 57
07 20 1983 03 11 11     179.707728  07 20 1983 15 10 01
07 21 1983 02 58 50    -177.182445  07 20 1983 15 10 06
07 22 1983 02 46 28    -174.072543  07 21 1983 15 10 10
07 23 1983 02 34 06    -170.962568  07 22 1983 15 10 15
07 24 1983 02 21 44    -167.850228  07 23 1983 15 10 20
07 25 1983 02 09 22    -164.740080  07 24 1983 15 10 25
07 26 1983 01 57 01    -161.629858  07 25 1983 15 10 29
07 27 1983 01 44 39    -158.519562  07 26 1983 15 10 34
07 28 1983 03 14 15     179.098693  07 28 1983 15 10 39
07 29 1983 03 01 53    -177.790860  07 28 1983 15 10 43
07 30 1983 02 49 31    -174.680340  07 29 1983 15 10 48
07 31 1983 02 37 09    -171.569749  07 30 1983 15 10 53
08 01 1983 02 24 47    -168.459086  07 31 1983 15 10 57
08 02 1983 02 12 25    -165.348353  08 01 1983 15 11 02
08 03 1983 02 00 03    -162.237549  08 02 1983 15 11 06
08 04 1983 01 47 42    -159.125018  08 03 1983 15 11 12
08 05 1983 03 17 18     178.493632  08 05 1983 15 11 17
08 06 1983 03 04 56    -178.395574  08 05 1983 15 11 21
08 07 1983 02 52 34    -175.284729  08 06 1983 15 11 26
08 08 1983 02 40 12    -172.173832  08 07 1983 15 11 30
08 09 1983 02 27 50    -169.062883  08 08 1983 15 11 35
08 10 1983 02 15 28    -165.951883  08 09 1983 15 11 40
08 11 1983 02 03 06    -162.840830  08 10 1983 15 11 44
08 12 1983 01 50 44    -159.729725  08 11 1983 15 11 49
08 13 1983 03 20 20     177.889375  08 13 1983 15 11 54
08 14 1983 03 07 58    -178.999411  08 13 1983 15 11 58
08 15 1983 02 55 36    -175.888143  08 14 1983 15 12 03
08 16 1983 02 43 14    -172.771847  08 15 1983 15 12 09
08 17 1983 02 30 52    -169.660111  08 16 1983 15 12 13
08 18 1983 02 18 29    -166.548295  08 17 1983 15 12 18
08 19 1983 02 06 07    -163.436397  08 18 1983 15 12 23
08 20 1983 01 53 45    -160.324418  08 19 1983 15 12 27
08 21 1983 03 23 21     177.295651  08 21 1983 15 12 32
08 22 1983 03 10 59    -179.592199  08 21 1983 15 12 37
08 23 1983 02 58 37    -176.479964  08 22 1983 15 12 41
08 24 1983 02 46 14    -173.367644  08 23 1983 15 12 46
08 25 1983 02 33 52    -170.255239  08 24 1983 15 12 51
08 26 1983 02 21 30    -167.142746  08 25 1983 15 12 55
08 27 1983 02 09 07    -164.024330  08 26 1983 15 13 02
08 28 1983 01 56 45    -160.911931  08 27 1983 15 13 06
08 29 1983 01 44 23    -157.799514  08 28 1983 15 13 11
08 30 1983 03 13 59     179.820954  08 30 1983 15 13 16
08 31 1983 03 01 37    -177.066586  08 30 1983 15 13 21
09 01 1983 02 49 14    -173.954104  08 31 1983 15 13 25
09 02 1983 02 36 52    -170.841599  09 01 1983 15 13 30
09 03 1983 02 24 29    -167.725909  09 02 1983 15 13 35
09 04 1983 02 12 07    -164.612954  09 03 1983 15 13 40
09 05 1983 01 59 44    -161.499926  09 04 1983 15 13 45
09 06 1983 01 47 22    -158.386825  09 05 1983 15 13 49
09 07 1983 03 16 58     179.234437  09 07 1983 15 13 54
09 08 1983 03 04 35    -177.652306  09 07 1983 15 13 59
09 09 1983 02 52 13    -174.538972  09 08 1983 15 14 04
09 10 1983 02 39 50    -171.425560  09 09 1983 15 14 08
09 11 1983 02 27 28    -168.312069  09 10 1983 15 14 13
09 12 1983 02 15 05    -165.198497  09 11 1983 15 14 18
09 13 1983 02 02 43    -162.084843  09 12 1983 15 14 22
09 14 1983 01 50 20    -158.963244  09 13 1983 15 14 29
09 15 1983 03 19 56     178.659165  09 15 1983 15 14 34
09 16 1983 03 07 33    -178.226474  09 15 1983 15 14 39
09 17 1983 02 55 10    -175.112003  09 16 1983 15 14 43
09 18 1983 02 42 47    -171.997422  09 17 1983 15 14 48
09 19 1983 02 30 25    -168.882728  09 18 1983 15 14 53
09 20 1983 02 18 02    -165.767921  09 19 1983 15 14 58
09 21 1983 02 05 39    -162.653000  09 20 1983 15 15 02
09 22 1983 01 53 16    -159.537964  09 21 1983 15 15 07
09 23 1983 03 22 52     178.085417  09 23 1983 15 15 12
09 24 1983 03 10 29    -178.799306  09 23 1983 15 15 17
09 25 1983 02 58 06    -175.683912  09 24 1983 15 15 22
09 26 1983 02 45 43    -172.566723  09 25 1983 15 15 27
09 27 1983 02 33 20    -169.451205  09 26 1983 15 15 32
09 28 1983 02 20 57    -166.335581  09 27 1983 15 15 37
09 29 1983 02 08 34    -163.219851  09 28 1983 15 15 42
09 30 1983 01 56 11    -160.104012  09 29 1983 15 15 46
10 01 1983 01 43 48    -156.988066  09 30 1983 15 15 51
10 02 1983 03 13 24    -179.363718  10 01 1983 15 15 56
10 03 1983 03 01 01    -176.247548  10 02 1983 15 16 01
10 04 1983 02 48 38    -173.131268  10 03 1983 15 16 06
10 05 1983 02 36 14    -170.014880  10 04 1983 15 16 11
10 06 1983 02 23 51    -166.898383  10 05 1983 15 16 16
10 07 1983 02 11 28    -163.781776  10 06 1983 15 16 20
10 08 1983 01 59 05    -160.657227  10 07 1983 15 16 27
10 09 1983 01 46 42    -157.539981  10 08 1983 15 16 32
10 10 1983 03 16 17    -179.914201  10 09 1983 15 16 37
10 11 1983 03 03 53    -176.796659  10 10 1983 15 16 42
10 12 1983 02 51 30    -173.678974  10 11 1983 15 16 47
10 13 1983 02 39 07    -170.561146  10 12 1983 15 16 52
10 14 1983 02 26 43    -167.443176  10 13 1983 15 16 57
10 15 1983 02 14 20    -164.325065  10 14 1983 15 17 02
10 16 1983 02 01 56    -161.206812  10 15 1983 15 17 07
10 17 1983 01 49 33    -158.088418  10 16 1983 15 17 12
10 18 1983 03 19 08     179.538588  10 18 1983 15 17 17
10 19 1983 03 06 44    -177.342729  10 18 1983 15 17 22
10 20 1983 02 54 20    -174.223906  10 19 1983 15 17 27
10 21 1983 02 41 57    -171.102251  10 20 1983 15 17 32
10 22 1983 02 29 33    -167.983001  10 21 1983 15 17 37
10 23 1983 02 17 09    -164.863606  10 22 1983 15 17 42
10 24 1983 02 04 45    -161.744067  10 23 1983 15 17 47
10 25 1983 01 52 22    -158.624384  10 24 1983 15 17 52
10 26 1983 03 21 56     179.004006  10 26 1983 15 17 57
10 27 1983 03 09 32    -177.876017  10 26 1983 15 18 02
10 28 1983 02 57 09    -174.752211  10 27 1983 15 18 08
10 29 1983 02 44 45    -171.632149  10 28 1983 15 18 13
10 30 1983 02 32 21    -168.511971  10 29 1983 15 18 18
10 31 1983 02 19 57    -165.391678  10 30 1983 15 18 23
11 01 1983 02 07 33    -162.271272  10 31 1983 15 18 28
11 02 1983 01 55 09    -159.150753  11 01 1983 15 18 33
11 03 1983 01 42 45    -156.030122  11 02 1983 15 18 38
11 04 1983 03 12 19    -178.400056  11 03 1983 15 18 43
11 05 1983 02 59 55    -175.279253  11 04 1983 15 18 48
11 06 1983 02 47 31    -172.158352  11 05 1983 15 18 53
11 07 1983 02 35 07    -169.037354  11 06 1983 15 18 58
11 08 1983 02 22 43    -165.916260  11 07 1983 15 19 03
11 09 1983 02 10 19    -162.795071  11 08 1983 15 19 08
11 10 1983 01 57 55    -159.673789  11 09 1983 15 19 13
11 11 1983 01 45 31    -156.552414  11 10 1983 15 19 18
11 12 1983 03 15 05    -178.915606  11 11 1983 15 19 25
11 13 1983 03 02 41    -175.793596  11 12 1983 15 19 30
11 14 1983 02 50 16    -172.671472  11 13 1983 15 19 35
11 15 1983 02 37 52    -169.549236  11 14 1983 15 19 40
11 16 1983 02 25 28    -166.426888  11 15 1983 15 19 45
11 17 1983 02 13 03    -163.304431  11 16 1983 15 19 50
11 17 1983 02 13 03    -163.304539  11 16 1983 15 19 50
11 18 1983 02 00 39    -160.181984  11 17 1983 15 19 55
11 19 1983 01 48 15    -157.059322  11 18 1983 15 20 00
11 20 1983 03 17 48    -179.427781  11 19 1983 15 20 06
11 21 1983 03 05 24    -176.304901  11 20 1983 15 20 11
11 22 1983 02 53 00    -173.181918  11 21 1983 15 20 16
11 23 1983 02 40 35    -170.059278  11 22 1983 15 20 21
11 24 1983 02 28 11    -166.936333  11 23 1983 15 20 26
11 25 1983 02 15 46    -163.813312  11 24 1983 15 20 31
11 26 1983 02 03 22    -160.690214  11 25 1983 15 20 36
11 27 1983 01 50 57    -157.567043  11 26 1983 15 20 41
11 28 1983 03 20 31    -179.934991  11 27 1983 15 20 47
11 29 1983 03 08 07    -176.812064  11 28 1983 15 20 52
11 30 1983 02 55 42    -173.688797  11 29 1983 15 20 57
12 01 1983 02 43 18    -170.565469  11 30 1983 15 21 02
12 02 1983 02 30 53    -167.442080  12 01 1983 15 21 07
12 03 1983 02 18 29    -164.318632  12 02 1983 15 21 12
12 04 1983 02 06 04    -161.195125  12 03 1983 15 21 17
12 05 1983 01 53 40    -158.071558  12 04 1983 15 21 22
12 06 1983 03 23 13     179.560899  12 06 1983 15 21 28
12 07 1983 03 10 49    -177.315415  12 06 1983 15 21 33
12 08 1983 02 58 24    -174.191671  12 07 1983 15 21 38
12 09 1983 02 45 59    -171.059847  12 08 1983 15 21 45
12 10 1983 02 33 35    -167.935836  12 09 1983 15 21 50
12 11 1983 02 21 10    -164.811765  12 10 1983 15 21 55
12 12 1983 02 08 46    -161.687632  12 11 1983 15 22 01
12 13 1983 01 56 21    -158.563439  12 12 1983 15 22 06
12 14 1983 01 43 56    -155.439184  12 13 1983 15 22 11
12 15 1983 03 13 30    -177.805987  12 14 1983 15 22 16
12 16 1983 03 01 05    -174.681605  12 15 1983 15 22 22
12 17 1983 02 48 41    -171.557162  12 16 1983 15 22 27
12 18 1983 02 36 16    -168.432657  12 17 1983 15 22 32
12 19 1983 02 23 51    -165.308090  12 18 1983 15 22 37
12 20 1983 02 11 26    -162.183459  12 19 1983 15 22 42
12 21 1983 01 59 02    -159.058766  12 20 1983 15 22 47
12 22 1983 01 46 37    -155.934008  12 21 1983 15 22 53
12 23 1983 03 16 10    -178.300268  12 22 1983 15 22 58
12 24 1983 03 03 45    -175.175376  12 23 1983 15 23 03
12 25 1983 02 51 21    -172.050418  12 24 1983 15 23 08
12 26 1983 02 38 56    -168.922372  12 25 1983 15 23 15
12 27 1983 02 26 31    -165.797384  12 26 1983 15 23 20
12 28 1983 02 14 06    -162.672341  12 27 1983 15 23 25
12 29 1983 02 01 41    -159.547242  12 28 1983 15 23 30
12 30 1983 01 49 17    -156.422086  12 29 1983 15 23 35
12 31 1983 03 18 50    -178.787925  12 30 1983 15 23 41
01 01 1984 03 06 25    -175.662648  12 31 1983 15 23 46
01 02 1984 02 54 00    -172.537310  01 01 1984 15 23 51
01 03 1984 02 41 35    -169.411911  01 02 1984 15 23 57
01 04 1984 02 29 10    -166.286449  01 03 1984 15 24 02
01 05 1984 02 16 46    -163.160924  01 04 1984 15 24 07
01 06 1984 02 04 21    -160.035335  01 05 1984 15 24 12
01 07 1984 01 51 56    -156.904428  01 06 1984 15 24 19
01 08 1984 03 21 29    -179.269725  01 07 1984 15 24 24
01 09 1984 03 09 04    -176.143940  01 08 1984 15 24 30
01 10 1984 02 56 39    -173.018093  01 09 1984 15 24 35
01 11 1984 02 44 14    -169.892182  01 10 1984 15 24 40
01 12 1984 02 31 49    -166.766208  01 11 1984 15 24 45
01 13 1984 02 19 24    -163.640168  01 12 1984 15 24 51
01 14 1984 02 06 59    -160.514061  01 13 1984 15 24 56
01 15 1984 01 54 34    -157.387887  01 14 1984 15 25 01
01 16 1984 01 42 09    -154.261643  01 15 1984 15 25 07
01 17 1984 03 11 42    -176.622766  01 16 1984 15 25 13
01 18 1984 02 59 17    -173.496041  01 17 1984 15 25 18
01 19 1984 02 46 52    -170.369224  01 18 1984 15 25 23
01 20 1984 02 34 27    -167.242313  01 19 1984 15 25 28
01 21 1984 02 22 01    -164.115307  01 20 1984 15 25 34
01 22 1984 02 09 36    -160.988206  01 21 1984 15 25 39
01 23 1984 01 57 08    -157.847961  01 22 1984 15 25 45
01 24 1984 01 44 45    -154.729936  01 23 1984 15 25 50
01 25 1984 03 14 18    -177.091799  01 24 1984 15 25 56
01 26 1984 03 01 53    -173.965884  01 25 1984 15 26 02
01 27 1984 02 49 28    -170.836072  01 26 1984 15 26 07
01 28 1984 02 37 02    -167.708101  01 27 1984 15 26 13
01 29 1984 02 24 37    -164.577434  01 28 1984 15 26 18
01 30 1984 02 12 11    -161.448626  01 29 1984 15 26 23
01 31 1984 01 59 46    -158.319629  01 30 1984 15 26 29
02 01 1984 01 47 20    -155.190441  01 31 1984 15 26 34
02 02 1984 03 16 52    -177.551814  02 01 1984 15 26 40
02 03 1984 03 04 27    -174.423380  02 02 1984 15 26 45
02 04 1984 02 52 01    -171.294106  02 03 1984 15 26 51
02 05 1984 02 39 36    -168.164710  02 04 1984 15 26 56
02 06 1984 02 27 10    -165.033886  02 05 1984 15 27 02
02 07 1984 02 14 44    -161.903947  02 06 1984 15 27 07
02 13 1984 02 42 07    -168.610437  02 12 1984 15 27 40
02 14 1984 02 29 41    -165.479392  02 13 1984 15 27 46
02 15 1984 02 17 15    -162.348198  02 14 1984 15 27 51
02 16 1984 02 04 49    -159.216855  02 15 1984 15 27 57
02 17 1984 01 52 22    -156.085364  02 16 1984 15 28 02
02 18 1984 03 21 54    -178.444315  02 17 1984 15 28 08
02 19 1984 03 09 28    -175.312517  02 18 1984 15 28 13
02 20 1984 02 57 02    -172.180570  02 19 1984 15 28 19
02 21 1984 02 44 35    -169.042933  02 20 1984 15 28 25
02 22 1984 02 32 09    -165.910171  02 21 1984 15 28 30
02 23 1984 02 19 42    -162.777274  02 22 1984 15 28 36
02 24 1984 02 07 16    -159.644243  02 23 1984 15 28 41
02 25 1984 01 54 49    -156.511079  02 24 1984 15 28 47
02 26 1984 01 42 23    -153.377782  02 25 1984 15 28 52
02 27 1984 03 11 55    -175.734817  02 26 1984 15 28 58
02 28 1984 02 59 28    -172.601247  02 27 1984 15 29 04
02 29 1984 02 47 01    -169.467547  02 28 1984 15 29 09
03 01 1984 02 34 34    -166.331099  02 29 1984 15 29 15
03 02 1984 02 22 08    -163.196448  03 01 1984 15 29 20
03 03 1984 02 09 41    -160.061587  03 02 1984 15 29 26
03 04 1984 01 57 14    -156.926836  03 03 1984 15 29 31
03 05 1984 01 44 47    -153.791581  03 04 1984 15 29 37
03 06 1984 03 14 18    -176.146439  03 05 1984 15 29 43
03 07 1984 03 01 51    -173.025798  03 06 1984 15 29 44
03 08 1984 02 49 24    -169.890995  03 07 1984 15 29 50
03 09 1984 02 36 57    -166.748006  03 08 1984 15 29 57
03 10 1984 02 24 30    -163.612517  03 09 1984 15 30 03
03 11 1984 02 12 02    -160.472590  03 10 1984 15 30 09
03 12 1984 01 59 35    -157.336548  03 11 1984 15 30 14
03 13 1984 01 47 08    -154.200328  03 12 1984 15 30 20
03 14 1984 03 16 39    -176.554181  03 13 1984 15 30 26
03 15 1984 03 04 11    -173.417594  03 14 1984 15 30 31
03 16 1984 02 51 44    -170.280833  03 15 1984 15 30 37
03 17 1984 02 39 17    -167.130892  03 16 1984 15 30 45
03 18 1984 02 26 49    -163.993698  03 17 1984 15 30 51
03 19 1984 02 14 22    -160.856328  03 18 1984 15 30 56
03 20 1984 02 01 54    -157.718783  03 19 1984 15 31 02
03 21 1984 01 49 27    -154.580142  03 20 1984 15 31 07
03 22 1984 03 18 57    -176.932381  03 21 1984 15 31 13
03 23 1984 03 06 29    -173.794298  03 22 1984 15 31 19
03 24 1984 02 54 02    -170.656048  03 23 1984 15 31 24
03 25 1984 02 41 34    -167.517634  03 24 1984 15 31 30
03 26 1984 02 29 06    -164.379056  03 25 1984 15 31 35
03 27 1984 02 16 39    -161.240315  03 26 1984 15 31 41
03 28 1984 02 04 11    -158.101412  03 27 1984 15 31 46
03 29 1984 01 51 43    -154.962348  03 28 1984 15 31 52
03 30 1984 03 21 13    -177.313173  03 29 1984 15 31 58
03 31 1984 03 08 45    -174.173778  03 30 1984 15 32 03
04 01 1984 02 56 16    -171.018909  03 31 1984 15 32 12
04 02 1984 02 43 48    -167.878231  04 01 1984 15 32 18
04 03 1984 02 31 20    -164.737366  04 02 1984 15 32 23
04 04 1984 02 18 52    -161.596313  04 03 1984 15 32 29
04 05 1984 02 06 24    -158.455073  04 04 1984 15 32 35
04 06 1984 01 53 56    -155.313647  04 05 1984 15 32 40
04 07 1984 03 23 25    -177.661913  04 06 1984 15 32 46
04 08 1984 03 10 57    -174.520103  04 07 1984 15 32 52
04 09 1984 02 58 29    -171.378109  04 08 1984 15 32 58
04 10 1984 02 46 00    -168.235931  04 09 1984 15 33 03
04 11 1984 02 33 32    -165.093570  04 10 1984 15 33 09
04 12 1984 02 21 03    -161.951026  04 11 1984 15 33 15
04 13 1984 02 08 35    -158.806758  04 12 1984 15 33 21
04 14 1984 01 56 06    -155.663785  04 13 1984 15 33 27
04 15 1984 01 43 37    -152.520631  04 14 1984 15 33 32
04 16 1984 03 13 07    -174.868096  04 15 1984 15 33 39
04 17 1984 03 00 38    -171.725065  04 16 1984 15 33 44
04 18 1984 02 48 10    -168.581918  04 17 1984 15 33 50
04 19 1984 02 35 41    -165.438656  04 18 1984 15 33 56
04 20 1984 02 23 12    -162.295278  04 19 1984 15 34 02
04 21 1984 02 10 44    -159.149480  04 20 1984 15 34 08
04 22 1984 01 58 15    -156.005770  04 21 1984 15 34 13
04 23 1984 01 45 46    -152.861947  04 22 1984 15 34 19
04 24 1984 03 15 15    -175.207722  04 23 1984 15 34 25
04 25 1984 03 02 46    -172.063661  04 24 1984 15 34 31
04 26 1984 02 50 18    -168.919484  04 25 1984 15 34 37
04 27 1984 02 37 49    -165.774018  04 26 1984 15 34 43
04 28 1984 02 25 20    -162.629367  04 27 1984 15 34 49
04 29 1984 02 12 51    -159.484581  04 28 1984 15 34 54
04 30 1984 02 00 22    -156.339659  04 29 1984 15 35 00
05 01 1984 01 47 53    -153.194599  04 30 1984 15 35 06
05 02 1984 03 17 21    -175.539024  05 01 1984 15 35 12
05 03 1984 03 04 52    -172.393678  05 02 1984 15 35 18
05 04 1984 02 52 23    -169.243548  05 03 1984 15 35 25
05 05 1984 02 39 54    -166.097898  05 04 1984 15 35 31
05 06 1984 02 27 25    -162.952114  05 05 1984 15 35 37
05 07 1984 02 14 56    -159.806195  05 06 1984 15 35 42
05 08 1984 02 02 27    -156.660141  05 07 1984 15 35 48
05 09 1984 01 49 57    -153.513949  05 08 1984 15 35 54
05 10 1984 03 19 26    -175.857163  05 09 1984 15 36 00
05 11 1984 03 06 57    -172.710685  05 10 1984 15 36 06
05 12 1984 02 54 27    -169.564066  05 11 1984 15 36 12
05 13 1984 02 41 58    -166.417307  05 12 1984 15 36 18
05 14 1984 02 29 29    -163.270346  05 13 1984 15 36 24
05 15 1984 02 16 59    -160.123587  05 14 1984 15 36 30
05 16 1984 02 04 30    -156.976706  05 15 1984 15 36 36
05 17 1984 01 52 01    -153.829701  05 16 1984 15 36 41
05 18 1984 03 21 29    -176.172057  05 17 1984 15 36 48
05 19 1984 03 08 59    -173.024791  05 18 1984 15 36 53
05 20 1984 02 56 30    -169.877398  05 19 1984 15 36 59
05 21 1984 02 44 00    -166.729877  05 20 1984 15 37 05
05 22 1984 02 31 31    -163.582225  05 21 1984 15 37 11
05 23 1984 02 19 01    -160.431766  05 22 1984 15 37 17
05 24 1984 02 06 31    -157.283673  05 23 1984 15 37 23
05 25 1984 01 54 02    -154.135436  05 24 1984 15 37 29
05 26 1984 03 23 30    -176.476451  05 25 1984 15 37 35
05 27 1984 03 11 00    -173.327914  05 26 1984 15 37 41
06 07 1984 02 35 28    -164.170593  06 06 1984 15 38 47
06 08 1984 02 22 58    -161.020181  06 07 1984 15 38 53
06 09 1984 02 10 27    -157.869612  06 08 1984 15 38 59
06 10 1984 01 57 57    -154.718887  06 09 1984 15 39 05
06 11 1984 01 45 27    -151.568004  06 10 1984 15 39 10
06 12 1984 03 14 54    -173.906168  06 11 1984 15 39 17
06 13 1984 03 02 24    -170.754958  06 12 1984 15 39 23
06 14 1984 02 49 54    -167.601286  06 13 1984 15 39 29
06 15 1984 02 37 23    -164.449996  06 14 1984 15 39 35
06 16 1984 02 24 53    -161.298563  06 15 1984 15 39 41
06 17 1984 02 12 22    -158.146986  06 16 1984 15 39 47
06 18 1984 01 59 52    -154.995267  06 17 1984 15 39 53
06 19 1984 01 47 21    -151.843404  06 18 1984 15 39 59
06 20 1984 03 16 49    -174.180535  06 19 1984 15 40 05
06 21 1984 03 04 18    -171.028375  06 20 1984 15 40 11
06 22 1984 02 51 47    -167.876072  06 21 1984 15 40 17
06 23 1984 02 39 17    -164.719724  06 22 1984 15 40 24
06 24 1984 02 26 46    -161.567075  06 23 1984 15 40 30
06 25 1984 02 14 15    -158.414279  06 24 1984 15 40 36
06 26 1984 02 01 45    -155.261334  06 25 1984 15 40 42
06 27 1984 01 49 14    -152.108242  06 26 1984 15 40 48
06 28 1984 03 18 41    -174.444052  06 27 1984 15 40 54
06 29 1984 03 06 10    -171.290655  06 28 1984 15 41 00
06 30 1984 02 53 39    -168.137102  06 29 1984 15 41 06
07 01 1984 02 41 09    -164.983623  06 30 1984 15 41 12
07 02 1984 02 28 38    -161.830010  07 01 1984 15 41 18
07 03 1984 02 16 07    -158.676265  07 02 1984 15 41 24
07 04 1984 02 03 36    -155.522389  07 03 1984 15 41 30
07 05 1984 01 51 05    -152.368382  07 04 1984 15 41 36
07 06 1984 03 20 31    -174.703231  07 05 1984 15 41 43
07 07 1984 03 08 00    -171.548957  07 06 1984 15 41 49
07 08 1984 02 55 29    -168.394555  07 07 1984 15 41 55
07 09 1984 02 42 58    -165.240026  07 08 1984 15 42 01
07 10 1984 02 30 27    -162.086618  07 09 1984 15 42 07
07 11 1984 02 17 56    -158.932101  07 10 1984 15 42 13
07 12 1984 02 05 25    -155.777478  07 11 1984 15 42 19
07 13 1984 01 52 54    -152.622750  07 12 1984 15 42 25
07 14 1984 03 22 21    -174.956853  07 13 1984 15 42 31
07 15 1984 03 09 49    -171.801909  07 14 1984 15 42 37
07 16 1984 02 57 18    -168.646863  07 15 1984 15 42 43
07 17 1984 02 44 47    -165.491717  07 16 1984 15 42 49
07 18 1984 02 32 16    -162.336470  07 17 1984 15 42 55
07 19 1984 02 19 44    -159.181126  07 18 1984 15 43 01
07 20 1984 02 07 13    -156.025685  07 19 1984 15 43 07
07 21 1984 01 54 42    -152.870148  07 20 1984 15 43 13
07 22 1984 01 42 10    -149.714518  07 21 1984 15 43 19
07 23 1984 03 11 37    -172.047667  07 22 1984 15 43 25
07 24 1984 02 59 05    -168.891846  07 23 1984 15 43 31
07 25 1984 02 46 34    -165.735934  07 24 1984 15 43 37
07 26 1984 02 34 02    -162.579934  07 25 1984 15 43 43
07 27 1984 02 21 31    -159.414554  07 26 1984 15 43 51
07 28 1984 02 08 59    -156.258580  07 27 1984 15 43 57
07 29 1984 01 56 28    -153.102543  07 28 1984 15 44 03
07 30 1984 01 43 56    -149.946444  07 29 1984 15 44 09
07 31 1984 03 13 22    -172.279127  07 30 1984 15 44 15
08 01 1984 03 00 51    -169.122903  07 31 1984 15 44 21
08 02 1984 02 48 19    -165.966619  08 01 1984 15 44 27
08 03 1984 02 35 48    -162.810278  08 02 1984 15 44 33
08 04 1984 02 23 16    -159.653881  08 03 1984 15 44 39
08 05 1984 02 10 45    -156.497427  08 04 1984 15 44 45
08 06 1984 01 58 13    -153.340919  08 05 1984 15 44 51
08 07 1984 01 45 41    -150.184358  08 06 1984 15 44 57
08 08 1984 03 15 08    -172.516554  08 07 1984 15 45 04
08 09 1984 03 02 36    -169.359884  08 08 1984 15 45 10
08 10 1984 02 50 04    -166.203163  08 09 1984 15 45 16
08 11 1984 02 37 32    -163.042742  08 10 1984 15 45 22
08 12 1984 02 25 01    -159.885541  08 11 1984 15 45 28
08 13 1984 02 12 29    -156.728265  08 12 1984 15 45 34
08 14 1984 01 59 57    -153.570915  08 13 1984 15 45 40
08 15 1984 01 47 25    -150.413493  08 14 1984 15 45 46
08 16 1984 03 16 51    -172.744745  08 15 1984 15 45 53
08 17 1984 03 04 20    -169.587173  08 16 1984 15 45 59
08 18 1984 02 51 48    -166.429529  08 17 1984 15 46 05
08 19 1984 02 39 16    -163.271814  08 18 1984 15 46 11
08 20 1984 02 26 44    -160.108914  08 19 1984 15 46 18
08 21 1984 02 14 12    -156.951046  08 20 1984 15 46 24
08 22 1984 02 01 41    -153.793111  08 21 1984 15 46 30
08 23 1984 01 49 09    -150.635111  08 22 1984 15 46 36
08 24 1984 03 18 35    -172.965752  08 23 1984 15 46 43
08 25 1984 03 06 03    -169.807616  08 24 1984 15 46 49
08 26 1984 02 53 31    -166.649414  08 25 1984 15 46 55
08 27 1984 02 40 59    -163.491145  08 26 1984 15 47 01
08 28 1984 02 28 27    -160.332811  08 27 1984 15 47 07
08 29 1984 02 15 55    -157.174410  08 28 1984 15 47 13
08 30 1984 02 03 23    -154.015941  08 29 1984 15 47 19
08 31 1984 01 50 51    -150.857406  08 30 1984 15 47 25
09 01 1984 03 20 17    -173.187471  08 31 1984 15 47 32
09 02 1984 03 07 45    -170.023286  09 01 1984 15 47 39
09 03 1984 02 55 13    -166.864415  09 02 1984 15 47 45
09 04 1984 02 42 41    -163.705473  09 03 1984 15 47 51
09 05 1984 02 30 09    -160.546459  09 04 1984 15 47 57
09 06 1984 02 17 36    -157.387372  09 05 1984 15 48 03
09 07 1984 02 05 04    -154.228211  09 06 1984 15 48 10
09 08 1984 01 52 32    -151.068976  09 07 1984 15 48 16
09 09 1984 03 21 58    -173.398284  09 08 1984 15 48 22
09 10 1984 03 09 26    -170.238892  09 09 1984 15 48 28
09 11 1984 02 56 54    -167.079423  09 10 1984 15 48 35
09 12 1984 02 44 21    -163.919876  09 11 1984 15 48 41
09 13 1984 02 31 49    -160.760250  09 12 1984 15 48 47
09 14 1984 02 19 17    -157.600544  09 13 1984 15 48 53
09 15 1984 02 06 45    -154.440756  09 14 1984 15 48 59
09 16 1984 01 54 13    -151.280887  09 15 1984 15 49 05
09 17 1984 03 23 38    -173.601558  09 16 1984 15 49 13
09 18 1984 03 11 05    -170.441477  09 17 1984 15 49 20
09 19 1984 02 58 33    -167.281328  09 18 1984 15 49 26
09 20 1984 02 46 01    -164.121111  09 19 1984 15 49 32
09 21 1984 02 33 29    -160.960824  09 20 1984 15 49 38
09 22 1984 02 20 56    -157.800466  09 21 1984 15 49 44
09 23 1984 02 08 24    -154.640036  09 22 1984 15 49 50
09 24 1984 01 55 52    -151.479533  09 23 1984 15 49 56
09 25 1984 01 43 19    -148.318955  09 24 1984 15 50 03
09 26 1984 03 12 44    -170.646824  09 25 1984 15 50 09
09 27 1984 03 00 12    -167.486088  09 26 1984 15 50 15
09 28 1984 02 47 40    -164.325273  09 27 1984 15 50 21
09 29 1984 02 35 07    -161.164379  09 28 1984 15 50 28
09 30 1984 02 22 35    -158.003405  09 29 1984 15 50 34
10 01 1984 02 10 02    -154.842348  09 30 1984 15 50 40
10 02 1984 01 57 30    -151.681209  10 01 1984 15 50 46
10 03 1984 01 44 57    -148.519986  10 02 1984 15 50 52
10 04 1984 03 14 22    -170.834991  10 03 1984 15 51 01
10 05 1984 03 01 49    -167.673178  10 04 1984 15 51 08
10 06 1984 02 49 17    -164.511294  10 05 1984 15 51 14
10 07 1984 02 36 44    -161.349337  10 06 1984 15 51 20
10 08 1984 02 24 11    -158.187305  10 07 1984 15 51 26
10 09 1984 02 11 39    -155.025199  10 08 1984 15 51 33
10 10 1984 01 59 06    -151.863017  10 09 1984 15 51 39
10 11 1984 01 46 33    -148.700758  10 10 1984 15 51 45
10 12 1984 03 15 58    -171.026823  10 11 1984 15 51 52
10 13 1984 03 03 26    -167.864402  10 12 1984 15 51 58
10 14 1984 02 50 53    -164.701903  10 13 1984 15 52 04
10 15 1984 02 38 20    -161.539324  10 14 1984 15 52 11
10 16 1984 02 25 47    -158.376664  10 15 1984 15 52 17
10 17 1984 02 13 15    -155.213924  10 16 1984 15 52 23
10 18 1984 02 00 42    -152.051103  10 17 1984 15 52 30
10 19 1984 01 48 09    -148.888201  10 18 1984 15 52 36
10 20 1984 03 17 34    -171.209878  10 19 1984 15 52 44
10 21 1984 03 05 01    -168.046806  10 20 1984 15 52 50
10 22 1984 02 52 28    -164.883661  10 21 1984 15 52 56
10 23 1984 02 39 55    -161.720443  10 22 1984 15 53 03
10 24 1984 02 27 23    -158.557151  10 23 1984 15 53 09
10 25 1984 02 14 50    -155.393787  10 24 1984 15 53 15
10 26 1984 02 02 17    -152.230348  10 25 1984 15 53 22
10 27 1984 01 49 44    -149.066837  10 26 1984 15 53 28
10 28 1984 03 19 09    -171.391565  10 27 1984 15 53 35
10 29 1984 03 06 36    -168.227902  10 28 1984 15 53 41
10 30 1984 02 54 03    -165.064166  10 29 1984 15 53 47
10 31 1984 02 41 30    -161.900359  10 30 1984 15 53 54
11 01 1984 02 28 57    -158.730119  10 31 1984 15 54 02
11 02 1984 02 16 24    -155.566306  11 01 1984 15 54 08
11 03 1984 02 03 51    -152.402466  11 02 1984 15 54 14
11 04 1984 01 51 18    -149.238599  11 03 1984 15 54 21
11 05 1984 03 20 43    -171.562998  11 04 1984 15 54 27
11 06 1984 03 08 10    -168.399077  11 05 1984 15 54 34
11 07 1984 02 55 37    -165.235130  11 06 1984 15 54 40
11 08 1984 02 43 03    -162.067926  11 07 1984 15 54 47
11 09 1984 02 30 30    -158.903466  11 08 1984 15 54 53
11 10 1984 02 17 57    -155.738952  11 09 1984 15 55 00
11 11 1984 02 05 24    -152.574385  11 10 1984 15 55 06
11 12 1984 01 52 51    -149.409764  11 11 1984 15 55 12
11 13 1984 03 22 15    -171.731834  11 12 1984 15 55 20
11 14 1984 03 09 42    -168.567032  11 13 1984 15 55 26
11 15 1984 02 57 09    -165.402182  11 14 1984 15 55 33
11 16 1984 02 44 36    -162.237284  11 15 1984 15 55 39
11 17 1984 02 32 03    -159.072340  11 16 1984 15 55 45
11 18 1984 02 19 30    -155.907352  11 17 1984 15 55 52
11 19 1984 02 06 56    -152.742319  11 18 1984 15 55 58
11 20 1984 01 54 23    -149.577243  11 19 1984 15 56 05
11 21 1984 03 23 48    -171.900331  11 20 1984 15 56 12
11 22 1984 03 11 15    -168.735171  11 21 1984 15 56 18
11 23 1984 02 58 41    -165.565771  11 22 1984 15 56 25
11 24 1984 02 46 08    -162.400330  11 23 1984 15 56 32
11 25 1984 02 33 35    -159.234860  11 24 1984 15 56 38
11 26 1984 02 21 01    -156.069362  11 25 1984 15 56 45
11 27 1984 02 08 28    -152.903838  11 26 1984 15 56 51
11 28 1984 01 55 55    -149.738289  11 27 1984 15 56 58
11 29 1984 01 43 22    -146.572715  11 28 1984 15 57 04
11 30 1984 03 12 46    -168.895289  11 29 1984 15 57 11
12 01 1984 03 00 13    -165.729670  11 30 1984 15 57 18
12 02 1984 02 47 39    -162.564030  12 01 1984 15 57 24
12 03 1984 02 35 06    -159.398372  12 02 1984 15 57 31
12 04 1984 02 22 33    -156.228527  12 03 1984 15 57 38
12 05 1984 02 09 59    -153.062036  12 04 1984 15 57 44
12 06 1984 01 57 26    -149.894678  12 05 1984 15 57 51
12 07 1984 01 44 52    -146.726456  12 06 1984 15 57 57
12 08 1984 03 14 13    -169.037484  12 07 1984 15 58 04
12 09 1984 03 01 38    -165.862372  12 08 1984 15 58 11
12 10 1984 02 49 03    -162.688342  12 09 1984 15 58 18
12 11 1984 02 36 28    -159.512989  12 10 1984 15 58 24
12 12 1984 02 23 52    -156.339422  12 11 1984 15 58 31
12 13 1984 02 11 17    -153.167211  12 12 1984 15 58 37
12 14 1984 01 58 42    -149.992993  12 13 1984 15 58 43
12 15 1984 01 46 07    -146.817868  12 14 1984 15 58 50
12 16 1984 03 15 29    -169.131720  12 15 1984 15 58 57
12 17 1984 03 02 54    -165.957858  12 16 1984 15 59 04
12 19 1984 02 37 44    -159.609320  12 18 1984 15 59 17
12 20 1984 02 25 08    -156.434048  12 19 1984 15 59 24
12 21 1984 02 12 33    -153.260296  12 20 1984 15 59 31
12 22 1984 01 59 58    -150.087760  12 21 1984 15 59 37
12 23 1984 01 47 23    -146.913836  12 22 1984 15 59 44
12 24 1984 03 16 45    -169.227507  12 23 1984 15 59 51
12 25 1984 03 04 10    -166.051021  12 24 1984 15 59 57
12 26 1984 02 51 34    -162.876225  12 25 1984 16 00 04
12 27 1984 02 38 59    -159.701254  12 26 1984 16 00 11
12 28 1984 02 26 24    -156.526301  12 27 1984 16 00 17
12 29 1984 02 13 49    -153.352097  12 28 1984 16 00 24
12 30 1984 02 01 13    -150.177573  12 29 1984 16 00 31
12 31 1984 01 48 38    -147.003057  12 30 1984 16 00 37
01 01 1985 03 18 00    -169.316085  12 31 1984 16 00 44
01 02 1985 03 05 25    -166.141587  01 01 1985 16 00 51
01 03 1985 02 52 49    -162.965306  01 02 1985 16 00 58
01 04 1985 02 40 14    -159.790330  01 03 1985 16 01 04
01 05 1985 02 27 39    -156.615306  01 04 1985 16 01 11
01 06 1985 02 15 03    -153.440425  01 05 1985 16 01 18
01 07 1985 02 02 28    -150.265410  01 06 1985 16 01 24
01 08 1985 01 49 52    -147.090356  01 07 1985 16 01 31
01 09 1985 03 19 15    -169.402755  01 08 1985 16 01 38
01 10 1985 03 06 39    -166.225971  01 09 1985 16 01 45
01 11 1985 02 54 04    -163.050615  01 10 1985 16 01 52
01 12 1985 02 41 28    -159.875198  01 11 1985 16 01 58
01 13 1985 02 28 53    -156.699720  01 12 1985 16 02 05
01 14 1985 02 16 17    -153.524181  01 13 1985 16 02 12
01 15 1985 02 03 42    -150.348578  01 14 1985 16 02 18
01 16 1985 01 51 06    -147.172911  01 15 1985 16 02 25
01 17 1985 03 20 28    -169.484625  01 16 1985 16 02 32
01 18 1985 03 07 53    -166.309529  01 17 1985 16 02 39
01 19 1985 02 55 18    -163.133830  01 18 1985 16 02 46
01 20 1985 02 42 42    -159.958076  01 19 1985 16 02 52
01 21 1985 02 30 07    -156.782266  01 20 1985 16 02 59
01 22 1985 02 17 31    -153.606398  01 21 1985 16 03 06
01 23 1985 02 04 56    -150.430471  01 22 1985 16 03 12
01 24 1985 01 52 20    -147.253920  01 23 1985 16 03 19
01 25 1985 03 21 42    -169.565347  01 24 1985 16 03 27
01 26 1985 03 09 07    -166.389213  01 25 1985 16 03 33
01 27 1985 02 56 31    -163.212951  01 26 1985 16 03 40
01 28 1985 02 43 55    -160.036559  01 27 1985 16 03 47
01 29 1985 02 31 20    -156.859737  01 28 1985 16 03 53
01 30 1985 02 18 44    -153.683561  01 29 1985 16 04 00
01 31 1985 02 06 09    -150.507355  01 30 1985 16 04 07
02 01 1985 01 53 33    -147.331116  01 31 1985 16 04 14
