11 10 2022 02 31 28     163.381172  11 10 2022 13 24 59
11 11 2022 02 07 27     169.391375  11 11 2022 13 25 01
11 12 2022 01 43 38     175.349876  11 12 2022 13 25 02
11 13 2022 03 00 58     156.021594  11 13 2022 13 25 03
11 14 2022 02 37 08     161.982257  11 14 2022 13 25 04
11 15 2022 02 13 19     167.942980  11 15 2022 13 25 05
11 16 2022 01 49 30     173.901617  11 16 2022 13 25 06
11 17 2022 03 07 06     154.499165  11 17 2022 13 25 06
11 18 2022 02 43 35     160.390449  11 18 2022 13 25 09
11 19 2022 02 20 00     166.296224  11 19 2022 13 25 12
11 20 2022 01 56 26     172.188505  11 20 2022 13 25 12
11 21 2022 03 14 03     152.785385  11 21 2022 13 25 11
11 22 2022 02 50 30     158.675972  11 22 2022 13 25 12
11 23 2022 02 26 57     164.567671  11 23 2022 13 25 13
11 24 2022 02 03 23     170.460593  11 24 2022 13 25 14
11 24 2022 02 03 23     170.460901  11 24 2022 13 25 14
11 25 2022 03 21 00     151.059976  11 25 2022 13 25 15
11 26 2022 02 57 27     156.952459  11 26 2022 13 25 16
11 27 2022 02 33 54     162.844550  11 27 2022 13 25 17
11 28 2022 02 10 21     168.736965  11 28 2022 13 25 17
11 29 2022 01 46 47     174.631925  11 29 2022 13 25 19
11 30 2022 03 04 24     155.232035  11 30 2022 13 25 20
12 01 2022 02 40 51     161.124675  12 01 2022 13 25 21
12 02 2022 02 17 18     167.018049  12 02 2022 13 25 22
12 03 2022 01 53 44     172.911503  12 03 2022 13 25 23
12 04 2022 03 11 21     153.511260  12 04 2022 13 25 24
12 05 2022 02 47 48     159.404335  12 05 2022 13 25 25
12 06 2022 02 26 21     164.771013  12 06 2022 13 25 26
12 07 2022 02 05 03     170.093655  12 07 2022 13 25 26
12 08 2022 01 43 46     175.416453  12 08 2022 13 25 26
12 09 2022 03 03 49     155.405464  12 09 2022 13 25 26
12 10 2022 02 42 31     160.728528  12 10 2022 13 25 26
12 11 2022 02 21 14     166.051501  12 11 2022 13 25 26
12 11 2022 02 21 14     166.051683  12 11 2022 13 25 26
12 12 2022 01 59 57     171.374226  12 12 2022 13 25 26
12 12 2022 01 59 57     171.374244  12 12 2022 13 25 26
12 13 2022 03 19 59     151.363028  12 13 2022 13 25 26
12 14 2022 02 58 42     156.686168  12 14 2022 13 25 27
12 15 2022 02 37 15     162.049440  12 15 2022 13 25 27
12 16 2022 02 15 40     167.444302  12 16 2022 13 25 27
12 17 2022 01 54 06     172.839171  12 17 2022 13 25 27
12 18 2022 03 13 50     152.905273  12 18 2022 13 25 27
12 19 2022 02 55 40     157.441456  12 19 2022 13 25 26
12 20 2022 02 36 37     162.202532  12 20 2022 13 25 25
12 21 2022 02 17 34     166.960509  12 21 2022 13 25 25
12 22 2022 01 58 33     171.714204  12 22 2022 13 25 24
12 23 2022 03 21 01     151.093706  12 23 2022 13 25 23
12 24 2022 03 01 59     155.847750  12 24 2022 13 25 22
12 25 2022 02 42 57     160.601986  12 25 2022 13 25 22
12 26 2022 02 23 55     165.356235  12 26 2022 13 25 21
12 27 2022 02 04 54     170.110461  12 27 2022 13 25 20
12 27 2022 02 04 54     170.110477  12 27 2022 13 25 20
12 28 2022 01 45 52     174.864939  12 28 2022 13 25 19
12 29 2022 03 08 20     154.244739  12 29 2022 13 25 19
12 30 2022 02 49 18     158.999252  12 30 2022 13 25 18
12 31 2022 02 30 16     163.753982  12 31 2022 13 25 17
01 01 2023 02 11 14     168.508850  01 01 2023 13 25 16
01 02 2023 01 52 12     173.263764  01 02 2023 13 25 16
01 03 2023 03 14 40     152.644061  01 03 2023 13 25 15
01 04 2023 02 55 38     157.399151  01 04 2023 13 25 14
01 05 2023 02 36 36     162.154243  01 05 2023 13 25 13
01 06 2023 02 17 34     166.909571  01 06 2023 13 25 13
01 07 2023 01 58 32     171.664854  01 07 2023 13 25 12
01 08 2023 03 21 00     151.045748  01 08 2023 13 25 11
01 09 2023 03 01 58     155.801278  01 09 2023 13 25 10
01 10 2023 02 42 56     160.556963  01 10 2023 13 25 10
01 10 2023 02 42 56     160.556989  01 10 2023 13 25 10
01 11 2023 02 23 54     165.312691  01 11 2023 13 25 09
01 12 2023 02 04 52     170.068577  01 12 2023 13 25 08
01 13 2023 01 45 50     174.824590  01 13 2023 13 25 08
01 14 2023 03 08 17     154.206250  01 14 2023 13 25 07
01 15 2023 02 49 15     158.962673  01 15 2023 13 25 06
01 16 2023 02 30 13     163.719119  01 16 2023 13 25 06
01 17 2023 02 11 11     168.475832  01 17 2023 13 25 05
01 18 2023 01 52 08     173.232471  01 18 2023 13 25 04
01 19 2023 03 14 36     152.615028  01 19 2023 13 25 03
01 20 2023 02 55 33     157.372116  01 20 2023 13 25 03
01 21 2023 02 36 31     162.129367  01 21 2023 13 25 02
01 22 2023 02 17 29     166.886798  01 22 2023 13 25 01
01 23 2023 01 58 26     171.644267  01 23 2023 13 25 01
01 24 2023 03 20 53     151.027465  01 24 2023 13 25 00
01 25 2023 03 01 51     155.785369  01 25 2023 13 24 59
01 26 2023 02 42 48     160.543328  01 26 2023 13 24 59
01 27 2023 02 23 46     165.301322  01 27 2023 13 24 58
01 27 2023 02 23 46     165.301350  01 27 2023 13 24 58
01 28 2023 02 04 43     170.059524  01 28 2023 13 24 57
01 29 2023 01 45 40     174.817784  01 29 2023 13 24 57
01 30 2023 03 08 07     154.201847  01 30 2023 13 24 56
01 31 2023 02 49 05     158.960320  01 31 2023 13 24 55
02 01 2023 02 30 02     163.718928  02 01 2023 13 24 55
02 02 2023 02 10 59     168.477534  02 02 2023 13 24 54
02 03 2023 01 51 57     173.236264  02 03 2023 13 24 53
02 04 2023 03 14 24     152.620765  02 04 2023 13 24 53
02 05 2023 02 55 21     157.379726  02 05 2023 13 24 52
02 06 2023 02 36 18     162.138731  02 06 2023 13 24 51
02 07 2023 02 17 15     166.897959  02 07 2023 13 24 51
02 08 2023 01 58 12     171.657142  02 08 2023 13 24 50
02 08 2023 01 58 12     171.657172  02 08 2023 13 24 50
02 09 2023 03 20 39     151.042307  02 09 2023 13 24 49
02 09 2023 03 20 39     151.042313  02 09 2023 13 24 49
02 10 2023 03 01 36     155.802002  02 10 2023 13 24 49
02 11 2023 02 42 33     160.561897  02 11 2023 13 24 48
02 12 2023 02 23 32     165.315432  02 12 2023 13 24 47
02 13 2023 02 04 30     170.068561  02 13 2023 13 24 47
02 14 2023 01 45 29     174.822105  02 14 2023 13 24 46
02 15 2023 03 07 57     154.201132  02 15 2023 13 24 45
02 16 2023 02 48 56     158.954977  02 16 2023 13 24 45
02 17 2023 02 29 54     163.709020  02 17 2023 13 24 44
02 18 2023 02 10 52     168.463192  02 18 2023 13 24 44
02 19 2023 01 51 51     173.217480  02 19 2023 13 24 43
02 20 2023 03 14 19     152.597262  02 20 2023 13 24 42
02 21 2023 02 55 17     157.351748  02 21 2023 13 24 42
02 22 2023 02 36 15     162.106458  02 22 2023 13 24 41
02 22 2023 02 36 15     162.106515  02 22 2023 13 24 41
02 23 2023 02 17 14     166.861266  02 23 2023 13 24 40
02 23 2023 02 17 14     166.861295  02 23 2023 13 24 40
02 24 2023 01 58 12     171.616231  02 24 2023 13 24 40
02 25 2023 03 20 40     150.996536  02 25 2023 13 24 39
02 26 2023 03 01 38     155.751762  02 26 2023 13 24 39
02 27 2023 02 42 36     160.507217  02 27 2023 13 24 38
02 28 2023 02 23 34     165.262795  02 28 2023 13 24 37
03 01 2023 02 04 32     170.018496  03 01 2023 13 24 37
03 02 2023 01 45 30     174.774267  03 02 2023 13 24 36
03 03 2023 03 07 58     154.155748  03 03 2023 13 24 36
03 04 2023 02 48 56     158.911957  03 04 2023 13 24 35
03 05 2023 02 29 54     163.668370  03 05 2023 13 24 34
03 06 2023 02 10 52     168.425089  03 06 2023 13 24 34
03 07 2023 01 51 50     173.181814  03 07 2023 13 24 33
03 08 2023 03 14 17     152.564312  03 08 2023 13 24 33
03 09 2023 02 55 15     157.321806  03 09 2023 13 24 32
03 10 2023 02 36 12     162.079235  03 10 2023 13 24 31
03 11 2023 02 17 10     166.836937  03 11 2023 13 24 31
03 12 2023 01 58 08     171.594765  03 12 2023 13 24 30
03 13 2023 03 20 35     150.978490  03 13 2023 13 24 30
03 14 2023 03 01 32     155.736820  03 14 2023 13 24 29
03 15 2023 02 42 30     160.495173  03 15 2023 13 24 29
03 16 2023 02 23 27     165.253979  03 16 2023 13 24 28
03 17 2023 02 04 24     170.012767  03 17 2023 13 24 28
03 18 2023 01 45 22     174.771887  03 18 2023 13 24 27
03 19 2023 03 07 49     154.156682  03 19 2023 13 24 26
03 20 2023 02 48 46     158.916000  03 20 2023 13 24 26
03 21 2023 02 29 43     163.675466  03 21 2023 13 24 25
03 22 2023 02 10 40     168.435003  03 22 2023 13 24 25
03 23 2023 01 51 38     173.194590  03 23 2023 13 24 24
03 24 2023 03 14 04     152.580891  03 24 2023 13 24 24
03 25 2023 02 55 02     157.340510  03 25 2023 13 24 23
03 26 2023 02 35 59     162.100875  03 26 2023 13 24 23
03 27 2023 02 16 55     166.861344  03 27 2023 13 24 22
03 28 2023 01 57 52     171.621967  03 28 2023 13 24 22
03 29 2023 03 20 19     151.008551  03 29 2023 13 24 21
03 30 2023 03 01 16     155.769549  03 30 2023 13 24 21
03 31 2023 02 42 13     160.530767  03 31 2023 13 24 20
04 01 2023 02 23 10     165.292014  04 01 2023 13 24 20
04 02 2023 02 04 06     170.053522  04 02 2023 13 24 19
04 03 2023 01 45 03     174.815026  04 03 2023 13 24 19
04 04 2023 03 07 30     154.202733  04 04 2023 13 24 18
04 05 2023 02 48 26     158.964559  04 05 2023 13 24 18
04 06 2023 02 29 23     163.726668  04 06 2023 13 24 17
04 07 2023 02 10 19     168.488763  04 07 2023 13 24 17
04 08 2023 01 51 16     173.251030  04 08 2023 13 24 16
04 09 2023 03 13 42     152.639318  04 09 2023 13 24 16
04 10 2023 02 54 39     157.401825  04 10 2023 13 24 15
04 11 2023 02 35 35     162.164479  04 11 2023 13 24 15
04 12 2023 02 16 32     166.927350  04 12 2023 13 24 14
04 13 2023 01 57 28     171.690258  04 13 2023 13 24 14
04 14 2023 03 19 54     151.079289  04 14 2023 13 24 14
04 15 2023 03 00 51     155.842599  04 15 2023 13 24 13
04 16 2023 02 41 47     160.605946  04 16 2023 13 24 13
04 17 2023 02 22 44     165.369491  04 17 2023 13 24 12
04 18 2023 02 03 40     170.133164  04 18 2023 13 24 12
04 19 2023 01 44 36     174.897002  04 19 2023 13 24 11
04 20 2023 03 07 02     154.287023  04 20 2023 13 24 11
04 21 2023 02 47 58     159.051140  04 21 2023 13 24 10
04 22 2023 02 28 54     163.815424  04 22 2023 13 24 10
04 23 2023 02 09 50     168.579833  04 23 2023 13 24 10
04 24 2023 01 50 46     173.344882  04 24 2023 13 24 09
04 25 2023 03 13 12     152.735455  04 25 2023 13 24 09
04 26 2023 02 54 08     157.500312  04 26 2023 13 24 08
04 27 2023 02 35 05     162.260492  04 27 2023 13 24 08
04 28 2023 02 16 04     167.013429  04 28 2023 13 24 08
04 29 2023 01 57 03     171.766197  04 29 2023 13 24 07
04 30 2023 03 19 32     151.144331  04 30 2023 13 24 07
05 01 2023 03 00 31     155.897428  05 01 2023 13 24 06
05 02 2023 02 41 30     160.650453  05 02 2023 13 24 06
05 03 2023 02 22 29     165.403684  05 03 2023 13 24 05
05 04 2023 02 03 27     170.156883  05 04 2023 13 24 05
05 05 2023 01 44 26     174.910358  05 05 2023 13 24 05
05 06 2023 03 06 55     154.289148  05 06 2023 13 24 04
05 07 2023 02 47 54     159.042929  05 07 2023 13 24 04
05 08 2023 02 28 52     163.796663  05 08 2023 13 24 04
05 09 2023 02 09 51     168.550417  05 09 2023 13 24 03
05 10 2023 01 50 50     173.304521  05 10 2023 13 24 03
05 11 2023 03 13 18     152.684003  05 11 2023 13 24 02
05 12 2023 02 54 17     157.438231  05 12 2023 13 24 02
05 13 2023 02 35 15     162.192615  05 13 2023 13 24 02
05 14 2023 02 16 14     166.947242  05 14 2023 13 24 01
05 15 2023 01 57 12     171.701820  05 15 2023 13 24 01
05 16 2023 03 19 41     151.082028  05 16 2023 13 24 00
05 17 2023 03 00 39     155.836698  05 17 2023 13 24 00
05 18 2023 02 41 38     160.591643  05 18 2023 13 24 00
05 19 2023 02 22 36     165.346572  05 19 2023 13 23 59
05 20 2023 02 03 35     170.101604  05 20 2023 13 23 59
05 21 2023 01 44 33     174.856778  05 21 2023 13 23 59
05 22 2023 03 07 01     154.237473  05 22 2023 13 23 58
05 23 2023 02 48 00     158.992784  05 23 2023 13 23 58
05 24 2023 02 28 58     163.748249  05 24 2023 13 23 58
05 25 2023 02 09 56     168.503771  05 25 2023 13 23 57
05 26 2023 01 50 55     173.259398  05 26 2023 13 23 57
05 27 2023 03 13 23     152.640634  05 27 2023 13 23 57
05 28 2023 02 54 21     157.396543  05 28 2023 13 23 56
05 29 2023 02 35 19     162.152412  05 29 2023 13 23 56
05 30 2023 02 16 18     166.908382  05 30 2023 13 23 56
05 31 2023 01 57 16     171.664475  05 31 2023 13 23 55
06 01 2023 03 19 44     151.046119  06 01 2023 13 23 55
06 02 2023 03 00 42     155.802210  06 02 2023 13 23 55
06 03 2023 02 41 40     160.558521  06 03 2023 13 23 54
06 04 2023 02 22 38     165.314919  06 04 2023 13 23 54
06 05 2023 02 03 36     170.071415  06 05 2023 13 23 54
06 06 2023 01 44 35     174.827996  06 06 2023 13 23 53
06 07 2023 03 07 03     154.210188  06 07 2023 13 23 53
06 08 2023 02 48 01     158.966876  06 08 2023 13 23 53
06 09 2023 02 28 59     163.723769  06 09 2023 13 23 52
06 10 2023 02 09 57     168.480545  06 10 2023 13 23 52
06 11 2023 01 50 55     173.237625  06 11 2023 13 23 52
06 12 2023 03 13 22     152.620273  06 12 2023 13 23 51
06 13 2023 02 54 20     157.377474  06 13 2023 13 23 51
06 14 2023 02 35 18     162.134663  06 14 2023 13 23 51
06 15 2023 02 16 16     166.892066  06 15 2023 13 23 50
06 16 2023 01 57 14     171.649443  06 16 2023 13 23 50
06 17 2023 03 19 42     151.032633  06 17 2023 13 23 50
06 18 2023 03 00 40     155.790327  06 18 2023 13 23 50
06 19 2023 02 41 38     160.547833  06 19 2023 13 23 49
06 20 2023 02 22 36     165.305643  06 20 2023 13 23 49
06 21 2023 02 03 33     170.063473  06 21 2023 13 23 49
06 22 2023 01 44 31     174.821427  06 22 2023 13 23 48
06 23 2023 03 06 59     154.205165  06 23 2023 13 23 48
06 24 2023 02 47 56     158.963294  06 24 2023 13 23 48
06 25 2023 02 28 54     163.721636  06 25 2023 13 23 47
06 26 2023 02 09 52     168.480067  06 26 2023 13 23 47
06 27 2023 01 50 50     173.238281  06 27 2023 13 23 47
06 28 2023 03 13 17     152.622596  06 28 2023 13 23 46
06 29 2023 02 54 15     157.381267  06 29 2023 13 23 46
06 30 2023 02 35 12     162.139709  06 30 2023 13 23 46
07 01 2023 02 16 10     166.898844  07 01 2023 13 23 46
07 02 2023 01 57 07     171.657709  07 02 2023 13 23 45
07 03 2023 03 19 35     151.042201  07 03 2023 13 23 45
07 04 2023 03 00 32     155.801385  07 04 2023 13 23 45
07 05 2023 02 41 30     160.560192  07 05 2023 13 23 44
07 06 2023 02 22 27     165.319356  07 06 2023 13 23 44
07 07 2023 02 03 25     170.078544  07 07 2023 13 23 44
07 08 2023 01 44 22     174.837925  07 08 2023 13 23 44
07 09 2023 03 06 50     154.222879  07 09 2023 13 23 43
07 10 2023 02 47 47     158.982191  07 10 2023 13 23 43
07 11 2023 02 28 45     163.741519  07 11 2023 13 23 43
07 12 2023 02 09 42     168.501094  07 12 2023 13 23 42
07 13 2023 01 50 39     173.260940  07 13 2023 13 23 42
07 14 2023 03 13 07     152.646049  07 14 2023 13 23 42
07 15 2023 02 54 04     157.405903  07 15 2023 13 23 41
07 16 2023 02 35 01     162.165888  07 16 2023 13 23 41
07 17 2023 02 15 59     166.925826  07 17 2023 13 23 41
07 18 2023 01 56 56     171.685848  07 18 2023 13 23 41
07 19 2023 03 19 23     151.071713  07 19 2023 13 23 40
07 20 2023 03 00 20     155.831612  07 20 2023 13 23 40
07 21 2023 02 41 18     160.591924  07 21 2023 13 23 40
07 22 2023 02 22 15     165.351992  07 22 2023 13 23 39
07 23 2023 02 03 12     170.113083  07 23 2023 13 23 39
07 24 2023 01 44 09     174.873315  07 24 2023 13 23 39
07 25 2023 03 06 36     154.259688  07 25 2023 13 23 38
07 26 2023 02 47 33     159.020402  07 26 2023 13 23 38
07 27 2023 02 28 30     163.781082  07 27 2023 13 23 38
07 28 2023 02 09 28     168.541826  07 28 2023 13 23 38
07 29 2023 01 50 25     173.303002  07 29 2023 13 23 37
07 30 2023 03 12 51     152.689963  07 30 2023 13 23 37
07 31 2023 02 53 49     157.450814  07 31 2023 13 23 37
08 01 2023 02 34 46     162.212216  08 01 2023 13 23 36
08 02 2023 02 15 43     166.973499  08 02 2023 13 23 36
08 03 2023 01 56 40     171.734980  08 03 2023 13 23 36
08 04 2023 03 19 06     151.122406  08 04 2023 13 23 36
08 05 2023 03 00 03     155.883704  08 05 2023 13 23 35
08 06 2023 02 41 00     160.645651  08 06 2023 13 23 35
08 07 2023 02 21 57     165.407367  08 07 2023 13 23 35
08 08 2023 02 02 54     170.169391  08 08 2023 13 23 35
08 09 2023 01 43 51     174.931335  08 09 2023 13 23 34
08 10 2023 03 06 17     154.319172  08 10 2023 13 23 34
08 11 2023 02 47 14     159.081247  08 11 2023 13 23 34
08 12 2023 02 28 11     163.843522  08 12 2023 13 23 33
08 13 2023 02 09 08     168.605851  08 13 2023 13 23 33
08 14 2023 01 50 04     173.367986  08 14 2023 13 23 33
08 15 2023 03 12 31     152.756362  08 15 2023 13 23 33
08 16 2023 02 53 28     157.518996  08 16 2023 13 23 32
08 17 2023 02 34 25     162.278025  08 17 2023 13 23 32
08 18 2023 02 15 24     167.031467  08 18 2023 13 23 32
08 19 2023 01 56 23     171.784691  08 19 2023 13 23 31
08 20 2023 03 18 52     151.163511  08 20 2023 13 23 31
08 21 2023 02 59 51     155.917222  08 21 2023 13 23 31
08 22 2023 02 40 50     160.671121  08 22 2023 13 23 31
08 23 2023 02 21 48     165.424966  08 23 2023 13 23 30
08 24 2023 02 02 47     170.178719  08 24 2023 13 23 30
08 25 2023 01 43 46     174.932674  08 25 2023 13 23 30
08 26 2023 03 06 15     154.312037  08 26 2023 13 23 29
08 27 2023 02 47 13     159.066321  08 27 2023 13 23 29
08 28 2023 02 28 12     163.820569  08 28 2023 13 23 29
08 29 2023 02 09 11     168.574963  08 29 2023 13 23 29
08 30 2023 01 50 09     173.329428  08 30 2023 13 23 28
08 31 2023 03 12 38     152.709258  08 31 2023 13 23 28
09 01 2023 02 53 37     157.463917  09 01 2023 13 23 28
09 02 2023 02 34 35     162.218577  09 02 2023 13 23 28
09 03 2023 02 15 34     166.973481  09 03 2023 13 23 27
09 04 2023 01 56 32     171.728236  09 04 2023 13 23 27
09 05 2023 03 19 01     151.108615  09 05 2023 13 23 27
09 06 2023 02 59 59     155.863792  09 06 2023 13 23 27
09 07 2023 02 40 58     160.618775  09 07 2023 13 23 26
09 08 2023 02 21 56     165.373979  09 08 2023 13 23 26
09 09 2023 02 02 55     170.129409  09 09 2023 13 23 26
09 10 2023 01 43 53     174.884825  09 10 2023 13 23 26
09 11 2023 03 06 22     154.265845  09 11 2023 13 23 25
09 12 2023 02 47 20     159.021441  09 12 2023 13 23 25
09 13 2023 02 28 18     163.777029  09 13 2023 13 23 25
09 14 2023 02 09 17     168.532941  09 14 2023 13 23 25
09 15 2023 01 50 15     173.288904  09 15 2023 13 23 25
09 16 2023 03 12 43     152.670485  09 16 2023 13 23 24
09 17 2023 02 53 42     157.426799  09 17 2023 13 23 24
09 18 2023 02 34 40     162.182932  09 18 2023 13 23 24
09 19 2023 02 15 38     166.939452  09 19 2023 13 23 24
09 20 2023 01 56 36     171.696112  09 20 2023 13 23 23
09 21 2023 03 19 04     151.078367  09 21 2023 13 23 23
09 22 2023 03 00 03     155.835287  09 22 2023 13 23 23
09 23 2023 02 41 01     160.592343  09 23 2023 13 23 23
09 24 2023 02 21 59     165.349604  09 24 2023 13 23 23
09 25 2023 02 02 57     170.107052  09 25 2023 13 23 23
09 26 2023 01 43 55     174.864458  09 26 2023 13 23 22
09 27 2023 03 06 23     154.247753  09 27 2023 13 23 22
09 28 2023 02 47 21     159.005590  09 28 2023 13 23 22
09 29 2023 02 28 19     163.763616  09 29 2023 13 23 22
09 30 2023 02 09 16     168.521789  09 30 2023 13 23 22
10 01 2023 01 50 14     173.280213  10 01 2023 13 23 22
10 02 2023 03 12 42     152.664141  10 02 2023 13 23 21
10 03 2023 02 53 40     157.422826  10 03 2023 13 23 21
10 04 2023 02 34 37     162.181727  10 04 2023 13 23 21
10 05 2023 02 15 35     166.940572  10 05 2023 13 23 21
10 06 2023 01 56 33     171.699776  10 06 2023 13 23 21
10 07 2023 03 19 00     151.084758  10 07 2023 13 23 21
10 08 2023 02 59 58     155.844410  10 08 2023 13 23 20
10 09 2023 02 40 55     160.604180  10 09 2023 13 23 20
10 10 2023 02 21 53     165.364079  10 10 2023 13 23 20
10 11 2023 02 02 50     170.124185  10 11 2023 13 23 20
10 12 2023 01 43 48     174.884532  10 12 2023 13 23 20
10 13 2023 03 06 15     154.270836  10 13 2023 13 23 20
10 14 2023 02 47 12     159.031560  10 14 2023 13 23 20
10 15 2023 02 28 09     163.792422  10 15 2023 13 23 20
10 16 2023 02 09 07     168.553473  10 16 2023 13 23 20
10 17 2023 01 50 04     173.314634  10 17 2023 13 23 19
10 18 2023 03 12 31     152.701897  10 18 2023 13 23 19
10 19 2023 02 53 29     157.458550  10 19 2023 13 23 19
10 20 2023 02 34 29     162.207992  10 20 2023 13 23 19
10 21 2023 02 15 29     166.957239  10 21 2023 13 23 19
10 22 2023 01 56 29     171.706792  10 22 2023 13 23 19
10 23 2023 03 18 59     151.081596  10 23 2023 13 23 19
10 24 2023 02 59 59     155.831403  10 24 2023 13 23 19
10 25 2023 02 40 59     160.581670  10 25 2023 13 23 19
10 26 2023 02 21 59     165.331513  10 26 2023 13 23 19
10 27 2023 02 02 59     170.081806  10 27 2023 13 23 19
10 28 2023 01 43 59     174.832112  10 28 2023 13 23 19
10 29 2023 03 06 29     154.207631  10 29 2023 13 23 19
10 30 2023 02 47 29     158.958405  10 30 2023 13 23 19
10 31 2023 02 28 28     163.709168  10 31 2023 13 23 18
11 01 2023 02 09 28     168.460216  11 01 2023 13 23 18
11 02 2023 01 50 28     173.211214  11 02 2023 13 23 18
11 03 2023 03 12 57     152.587590  11 03 2023 13 23 18
11 04 2023 02 53 57     157.339109  11 04 2023 13 23 18
11 05 2023 02 34 57     162.090828  11 05 2023 13 23 18
11 06 2023 02 15 56     166.842700  11 06 2023 13 23 18
11 07 2023 01 56 56     171.594819  11 07 2023 13 23 18
11 08 2023 03 19 25     150.972345  11 08 2023 13 23 18
11 09 2023 03 00 24     155.725009  11 09 2023 13 23 18
11 10 2023 02 41 24     160.477674  11 10 2023 13 23 18
11 11 2023 02 22 23     165.230564  11 11 2023 13 23 18
11 12 2023 02 03 22     169.983484  11 12 2023 13 23 18
11 13 2023 01 44 22     174.736715  11 13 2023 13 23 18
11 14 2023 03 06 51     154.115196  11 14 2023 13 23 18
11 15 2023 02 47 50     158.868517  11 15 2023 13 23 18
11 16 2023 02 28 49     163.622017  11 16 2023 13 23 18
11 17 2023 02 09 48     168.375586  11 17 2023 13 23 19
11 18 2023 01 50 48     173.129199  11 18 2023 13 23 19
11 19 2023 03 13 17     152.508333  11 19 2023 13 23 19
11 20 2023 02 54 16     157.262226  11 20 2023 13 23 19
11 21 2023 02 35 15     162.016256  11 21 2023 13 23 19
11 22 2023 02 16 14     166.770385  11 22 2023 13 23 19
11 23 2023 01 57 13     171.524621  11 23 2023 13 23 19
11 24 2023 03 19 42     150.904434  11 24 2023 13 23 19
11 25 2023 03 00 41     155.659118  11 25 2023 13 23 19
11 26 2023 02 41 40     160.414125  11 26 2023 13 23 19
11 27 2023 02 22 39     165.169002  11 27 2023 13 23 19
11 28 2023 02 03 37     169.924246  11 28 2023 13 23 19
11 29 2023 01 44 36     174.679705  11 29 2023 13 23 19
11 30 2023 03 07 05     154.060712  11 30 2023 13 23 19
12 01 2023 02 48 04     158.816390  12 01 2023 13 23 20
12 02 2023 02 29 02     163.572399  12 02 2023 13 23 20
12 03 2023 02 10 01     168.328599  12 03 2023 13 23 20
12 04 2023 01 51 00     173.085000  12 04 2023 13 23 20
12 05 2023 03 13 28     152.466896  12 05 2023 13 23 20
12 06 2023 02 54 26     157.223545  12 06 2023 13 23 20
12 07 2023 02 35 25     161.980253  12 07 2023 13 23 20
12 08 2023 02 16 23     166.737129  12 08 2023 13 23 20
12 09 2023 01 57 22     171.493991  12 09 2023 13 23 21
12 10 2023 03 19 50     150.876498  12 10 2023 13 23 21
12 11 2023 03 00 49     155.633589  12 11 2023 13 23 21
12 12 2023 02 41 47     160.390811  12 12 2023 13 23 21
12 13 2023 02 22 46     165.148042  12 13 2023 13 23 21
12 14 2023 02 03 44     169.905286  12 14 2023 13 23 21
12 15 2023 01 44 42     174.662697  12 15 2023 13 23 21
12 16 2023 03 07 11     154.045722  12 16 2023 13 23 22
12 17 2023 02 48 09     158.803240  12 17 2023 13 23 22
12 18 2023 02 29 07     163.561084  12 18 2023 13 23 22
12 19 2023 02 10 05     168.318957  12 19 2023 13 23 22
12 20 2023 01 51 04     173.077134  12 20 2023 13 23 22
12 21 2023 03 13 32     152.460899  12 21 2023 13 23 22
12 22 2023 02 54 30     157.219271  12 22 2023 13 23 23
12 23 2023 02 35 28     161.977818  12 23 2023 13 23 23
12 24 2023 02 16 26     166.736501  12 24 2023 13 23 23
12 25 2023 01 57 24     171.495252  12 25 2023 13 23 23
12 26 2023 03 19 52     150.879843  12 26 2023 13 23 23
12 27 2023 03 00 50     155.638908  12 27 2023 13 23 23
12 28 2023 02 41 48     160.398192  12 28 2023 13 23 24
12 29 2023 02 22 46     165.157594  12 29 2023 13 23 24
12 30 2023 02 03 44     169.916973  12 30 2023 13 23 24
12 31 2023 01 44 42     174.676556  12 31 2023 13 23 24
01 01 2024 03 07 10     154.061946  01 01 2024 13 23 25
01 02 2024 02 48 08     158.821753  01 02 2024 13 23 25
01 03 2024 02 29 05     163.581627  01 03 2024 13 23 25
01 04 2024 02 10 03     168.341587  01 04 2024 13 23 25
01 05 2024 01 51 01     173.101638  01 05 2024 13 23 25
01 06 2024 03 13 29     152.487513  01 06 2024 13 23 26
01 07 2024 02 54 26     157.247843  01 07 2024 13 23 26
01 08 2024 02 35 24     162.008183  01 08 2024 13 23 26
01 09 2024 02 16 22     166.768714  01 09 2024 13 23 26
01 10 2024 01 57 19     171.529212  01 10 2024 13 23 27
01 11 2024 03 19 47     150.915815  01 11 2024 13 23 27
01 12 2024 03 00 45     155.676642  01 12 2024 13 23 27
01 13 2024 02 41 42     160.437638  01 13 2024 13 23 27
01 14 2024 02 22 40     165.198682  01 14 2024 13 23 27
01 15 2024 02 03 37     169.960050  01 15 2024 13 23 28
01 16 2024 01 44 35     174.721498  01 16 2024 13 23 28
01 17 2024 03 07 02     154.108946  01 17 2024 13 23 28
01 18 2024 02 47 59     158.870741  01 18 2024 13 23 28
01 19 2024 02 28 57     163.632785  01 19 2024 13 23 29
01 20 2024 02 09 54     168.394982  01 20 2024 13 23 29
01 21 2024 01 50 51     173.157270  01 21 2024 13 23 29
01 22 2024 03 13 19     152.545581  01 22 2024 13 23 29
01 23 2024 02 54 16     157.308207  01 23 2024 13 23 30
01 24 2024 02 35 13     162.070966  01 24 2024 13 23 30
01 25 2024 02 16 10     166.833899  01 25 2024 13 23 30
01 26 2024 01 57 07     171.596861  01 26 2024 13 23 31
01 27 2024 03 19 34     150.985983  01 27 2024 13 23 31
01 28 2024 03 00 31     155.749117  01 28 2024 13 23 31
01 29 2024 02 41 28     160.512451  01 29 2024 13 23 31
01 30 2024 02 22 25     165.275947  01 30 2024 13 23 32
01 31 2024 02 03 22     170.039544  01 31 2024 13 23 32
02 01 2024 01 44 19     174.803207  02 01 2024 13 23 32
02 02 2024 03 06 46     154.193078  02 02 2024 13 23 33
02 03 2024 02 47 43     158.957051  02 03 2024 13 23 33
02 04 2024 02 28 40     163.721076  02 04 2024 13 23 33
02 05 2024 02 09 37     168.485197  02 05 2024 13 23 33
02 06 2024 01 50 34     173.249408  02 06 2024 13 23 34
02 07 2024 03 13 00     152.639861  02 07 2024 13 23 34
02 08 2024 02 53 57     157.404454  02 08 2024 13 23 34
02 09 2024 02 34 54     162.169139  02 09 2024 13 23 35
02 10 2024 02 15 51     166.933872  02 10 2024 13 23 35
02 11 2024 01 56 48     171.698897  02 11 2024 13 23 35
02 12 2024 03 19 14     151.090033  02 12 2024 13 23 36
02 13 2024 03 00 11     155.855269  02 13 2024 13 23 36
02 14 2024 02 41 07     160.620831  02 14 2024 13 23 36
02 15 2024 02 22 05     165.380261  02 15 2024 13 23 36
02 16 2024 02 03 05     170.131481  02 16 2024 13 23 37
02 17 2024 01 44 05     174.882391  02 17 2024 13 23 37
02 18 2024 03 06 35     154.258632  02 18 2024 13 23 37
02 19 2024 02 47 35     159.009904  02 19 2024 13 23 38
02 20 2024 02 28 35     163.761195  02 20 2024 13 23 38
02 21 2024 02 09 35     168.512778  02 21 2024 13 23 38
02 22 2024 01 50 35     173.264355  02 22 2024 13 23 39
02 23 2024 03 13 05     152.641225  02 23 2024 13 23 39
02 24 2024 02 54 05     157.393145  02 24 2024 13 23 39
02 25 2024 02 35 05     162.145080  02 25 2024 13 23 40
02 26 2024 02 16 05     166.897185  02 26 2024 13 23 40
02 27 2024 01 57 04     171.649490  02 27 2024 13 23 40
02 28 2024 03 19 34     151.026980  02 28 2024 13 23 41
02 29 2024 03 00 34     155.779552  02 29 2024 13 23 41
03 01 2024 02 41 34     160.532201  03 01 2024 13 23 41
03 02 2024 02 22 33     165.284862  03 02 2024 13 23 42
03 03 2024 02 03 33     170.037581  03 03 2024 13 23 42
03 04 2024 01 44 33     174.790568  03 04 2024 13 23 42
03 05 2024 03 07 02     154.168841  03 05 2024 13 23 43
03 06 2024 02 48 02     158.922079  03 06 2024 13 23 43
03 07 2024 02 29 01     163.675400  03 07 2024 13 23 43
03 08 2024 02 10 01     168.428884  03 08 2024 13 23 44
03 09 2024 01 51 00     173.182437  03 09 2024 13 23 44
03 10 2024 03 13 30     152.561486  03 10 2024 13 23 44
03 11 2024 02 54 29     157.315296  03 11 2024 13 23 45
03 12 2024 02 35 29     162.069109  03 12 2024 13 23 45
03 13 2024 02 16 28     166.823096  03 13 2024 13 23 46
03 14 2024 01 57 27     171.577208  03 14 2024 13 23 46
03 15 2024 03 19 57     150.956832  03 15 2024 13 23 46
03 16 2024 03 00 56     155.711271  03 16 2024 13 23 47
03 17 2024 02 41 55     160.465800  03 17 2024 13 23 47
03 18 2024 02 22 55     165.220392  03 18 2024 13 23 47
03 19 2024 02 03 54     169.975177  03 19 2024 13 23 48
03 20 2024 01 44 53     174.730135  03 20 2024 13 23 48
03 21 2024 03 07 22     154.110416  03 21 2024 13 23 49
03 22 2024 02 48 21     158.865761  03 22 2024 13 23 49
03 23 2024 02 29 20     163.621239  03 23 2024 13 23 50
03 24 2024 02 10 19     168.376890  03 24 2024 13 23 50
03 25 2024 01 51 18     173.133382  03 25 2024 13 23 50
03 26 2024 03 13 47     152.514508  03 26 2024 13 23 51
03 27 2024 02 54 46     157.270729  03 27 2024 13 23 51
03 28 2024 02 35 45     162.027272  03 28 2024 13 23 52
03 29 2024 02 16 44     166.783945  03 29 2024 13 23 52
03 30 2024 01 57 43     171.540886  03 30 2024 13 23 53
03 31 2024 03 20 11     150.923442  03 31 2024 13 23 53
04 01 2024 03 01 10     155.680576  04 01 2024 13 23 53
04 02 2024 02 42 09     160.437903  04 02 2024 13 23 54
04 03 2024 02 23 07     165.195184  04 03 2024 13 23 54
04 04 2024 02 04 06     169.952667  04 04 2024 13 23 55
04 05 2024 01 45 05     174.710375  04 05 2024 13 23 55
04 06 2024 03 07 33     154.093620  04 06 2024 13 23 56
04 07 2024 02 48 32     158.851367  04 07 2024 13 23 56
04 08 2024 02 29 30     163.609200  04 08 2024 13 23 57
04 09 2024 02 10 29     168.367133  04 09 2024 13 23 57
04 10 2024 01 51 27     173.125233  04 10 2024 13 23 58
04 11 2024 03 13 56     152.509077  04 11 2024 13 23 58
04 12 2024 02 54 54     157.267389  04 12 2024 13 23 59
04 13 2024 02 35 53     162.025774  04 13 2024 13 23 59
04 14 2024 02 16 51     166.784365  04 14 2024 13 23 59
04 15 2024 01 57 50     171.542972  04 15 2024 13 24 00
04 16 2024 03 20 18     150.927425  04 16 2024 13 24 00
04 17 2024 03 01 16     155.686833  04 17 2024 13 24 01
04 18 2024 02 42 14     160.446227  04 18 2024 13 24 01
04 19 2024 02 23 13     165.205819  04 19 2024 13 24 02
04 20 2024 02 04 11     169.966009  04 20 2024 13 24 03
04 21 2024 01 45 09     174.726034  04 21 2024 13 24 03
04 22 2024 03 07 37     154.112340  04 22 2024 13 24 04
04 23 2024 02 48 34     158.873338  04 23 2024 13 24 04
04 24 2024 02 29 32     163.634410  04 24 2024 13 24 05
04 25 2024 02 10 30     168.395787  04 25 2024 13 24 05
04 26 2024 01 51 28     173.157407  04 26 2024 13 24 06
04 27 2024 03 13 55     152.545062  04 27 2024 13 24 06
04 28 2024 02 54 53     157.307071  04 28 2024 13 24 07
04 29 2024 02 35 51     162.069285  04 29 2024 13 24 07
04 30 2024 02 16 48     166.831526  04 30 2024 13 24 08
05 01 2024 01 57 46     171.594024  05 01 2024 13 24 08
05 02 2024 03 20 13     150.982504  05 02 2024 13 24 09
05 03 2024 03 01 11     155.745263  05 03 2024 13 24 10
05 04 2024 02 42 08     160.508149  05 04 2024 13 24 10
05 05 2024 02 23 06     165.271047  05 05 2024 13 24 11
05 06 2024 02 04 03     170.034026  05 06 2024 13 24 11
05 07 2024 01 45 00     174.797200  05 07 2024 13 24 12
05 08 2024 03 07 28     154.186383  05 08 2024 13 24 12
05 09 2024 02 48 25     158.949807  05 09 2024 13 24 13
05 10 2024 02 29 22     163.713331  05 10 2024 13 24 14
05 11 2024 02 10 20     168.477115  05 11 2024 13 24 14
05 12 2024 01 51 17     173.241776  05 12 2024 13 24 15
05 13 2024 03 13 44     152.632239  05 13 2024 13 24 15
05 14 2024 02 54 41     157.397060  05 14 2024 13 24 16
05 15 2024 02 35 38     162.162246  05 15 2024 13 24 16
05 16 2024 02 16 34     166.927666  05 16 2024 13 24 17
05 17 2024 01 57 31     171.693263  05 17 2024 13 24 18
05 18 2024 03 19 58     151.085255  05 18 2024 13 24 18
05 19 2024 03 00 55     155.851440  05 19 2024 13 24 19
05 20 2024 02 41 51     160.617836  05 20 2024 13 24 19
05 21 2024 02 22 48     165.384335  05 21 2024 13 24 20
05 22 2024 02 03 44     170.151024  05 22 2024 13 24 21
05 23 2024 01 44 42     174.912031  05 23 2024 13 24 21
05 24 2024 03 07 12     154.289695  05 24 2024 13 24 22
05 25 2024 02 48 12     159.041868  05 25 2024 13 24 23
05 26 2024 02 29 13     163.794167  05 26 2024 13 24 23
05 27 2024 02 10 13     168.546428  05 27 2024 13 24 24
05 28 2024 01 51 13     173.299009  05 28 2024 13 24 24
05 29 2024 03 13 42     152.676797  05 29 2024 13 24 25
05 30 2024 02 54 42     157.429588  05 30 2024 13 24 26
05 31 2024 02 35 42     162.182470  05 31 2024 13 24 26
06 01 2024 02 16 42     166.935358  06 01 2024 13 24 27
06 02 2024 01 57 42     171.688422  06 02 2024 13 24 27
06 03 2024 03 20 12     151.066708  06 03 2024 13 24 28
06 04 2024 03 01 12     155.820237  06 04 2024 13 24 29
06 05 2024 02 42 12     160.573641  06 05 2024 13 24 29
06 06 2024 02 23 11     165.327042  06 06 2024 13 24 30
06 07 2024 02 04 11     170.080662  06 07 2024 13 24 30
06 08 2024 01 45 11     174.834499  06 08 2024 13 24 31
06 09 2024 03 07 40     154.213668  06 09 2024 13 24 32
06 10 2024 02 48 40     158.967788  06 10 2024 13 24 32
06 11 2024 02 29 40     163.722025  06 11 2024 13 24 33
06 12 2024 02 10 39     168.476353  06 12 2024 13 24 34
06 13 2024 01 51 39     173.230767  06 13 2024 13 24 34
06 14 2024 03 14 08     152.610659  06 14 2024 13 24 35
06 15 2024 02 55 08     157.365315  06 15 2024 13 24 35
06 16 2024 02 36 07     162.120107  06 16 2024 13 24 36
06 17 2024 02 17 07     166.875028  06 17 2024 13 24 37
06 18 2024 01 58 06     171.629916  06 18 2024 13 24 37
06 19 2024 03 20 35     151.010274  06 19 2024 13 24 38
06 20 2024 03 01 35     155.765434  06 20 2024 13 24 39
06 21 2024 02 42 34     160.520657  06 21 2024 13 24 39
06 22 2024 02 23 34     165.275982  06 22 2024 13 24 40
06 23 2024 02 04 33     170.031286  06 23 2024 13 24 40
06 24 2024 01 45 32     174.786646  06 24 2024 13 24 41
06 25 2024 03 08 02     154.167510  06 25 2024 13 24 42
06 26 2024 02 49 01     158.923157  06 26 2024 13 24 42
06 27 2024 02 30 00     163.678947  06 27 2024 13 24 43
06 28 2024 02 10 59     168.434812  06 28 2024 13 24 44
06 29 2024 01 51 58     173.190783  06 29 2024 13 24 44
06 30 2024 03 14 28     152.572459  06 30 2024 13 24 45
07 01 2024 02 55 27     157.328770  07 01 2024 13 24 46
07 02 2024 02 36 26     162.085243  07 02 2024 13 24 46
07 03 2024 02 17 25     166.841677  07 03 2024 13 24 47
07 04 2024 01 58 24     171.598287  07 04 2024 13 24 47
07 05 2024 03 20 53     150.980455  07 05 2024 13 24 48
07 06 2024 03 01 52     155.737310  07 06 2024 13 24 49
07 07 2024 02 42 51     160.494282  07 07 2024 13 24 49
07 08 2024 02 23 50     165.251263  07 08 2024 13 24 50
07 09 2024 02 04 49     170.008162  07 09 2024 13 24 51
07 10 2024 01 45 48     174.765349  07 10 2024 13 24 51
07 11 2024 03 08 16     154.148097  07 11 2024 13 24 52
07 12 2024 02 49 15     158.905599  07 12 2024 13 24 53
07 13 2024 02 30 14     163.662996  07 13 2024 13 24 53
07 14 2024 02 11 13     168.420618  07 14 2024 13 24 54
07 15 2024 01 52 12     173.178243  07 15 2024 13 24 54
07 16 2024 03 14 40     152.561822  07 16 2024 13 24 55
07 17 2024 02 55 39     157.319836  07 17 2024 13 24 56
07 18 2024 02 36 38     162.078009  07 18 2024 13 24 56
07 19 2024 02 17 36     166.836334  07 19 2024 13 24 57
07 20 2024 01 58 35     171.594760  07 20 2024 13 24 58
07 21 2024 03 21 03     150.978899  07 21 2024 13 24 58
07 22 2024 03 02 02     155.737895  07 22 2024 13 24 59
07 23 2024 02 43 01     160.494428  07 23 2024 13 25 00
07 24 2024 02 24 00     165.251133  07 24 2024 13 25 00
07 25 2024 02 04 59     170.007801  07 25 2024 13 25 01
07 26 2024 01 45 58     174.764596  07 26 2024 13 25 02
07 27 2024 03 08 27     154.147262  07 27 2024 13 25 02
07 28 2024 02 49 26     158.904306  07 28 2024 13 25 03
07 29 2024 02 30 25     163.661521  07 29 2024 13 25 04
07 30 2024 02 11 24     168.418820  07 30 2024 13 25 04
07 31 2024 01 52 23     173.176335  07 31 2024 13 25 05
08 01 2024 03 14 51     152.559419  08 01 2024 13 25 06
08 02 2024 02 55 50     157.317080  08 02 2024 13 25 06
08 03 2024 02 36 49     162.074764  08 03 2024 13 25 07
08 04 2024 02 17 48     166.832675  08 04 2024 13 25 07
08 05 2024 01 58 46     171.590909  08 05 2024 13 25 08
08 06 2024 03 21 15     150.974614  08 06 2024 13 25 09
08 07 2024 03 02 14     155.732949  08 07 2024 13 25 09
08 08 2024 02 43 12     160.491421  08 08 2024 13 25 10
08 09 2024 02 24 11     165.250114  08 09 2024 13 25 11
08 10 2024 02 05 09     170.009197  08 10 2024 13 25 11
08 11 2024 01 46 08     174.768368  08 11 2024 13 25 12
08 12 2024 03 08 36     154.153604  08 12 2024 13 25 13
08 13 2024 02 49 34     158.914190  08 13 2024 13 25 13
08 14 2024 02 30 32     163.674260  08 14 2024 13 25 14
08 15 2024 02 11 30     168.434820  08 15 2024 13 25 15
08 16 2024 01 52 28     173.195725  08 16 2024 13 25 15
08 17 2024 03 14 56     152.582904  08 17 2024 13 25 16
08 18 2024 02 55 54     157.344570  08 18 2024 13 25 17
08 19 2024 02 36 52     162.106102  08 19 2024 13 25 17
08 20 2024 02 17 50     166.868177  08 20 2024 13 25 18
08 21 2024 01 58 48     171.630168  08 21 2024 13 25 19
08 22 2024 03 21 15     151.018426  08 22 2024 13 25 19
08 23 2024 03 02 13     155.781142  08 23 2024 13 25 20
08 24 2024 02 43 10     160.544018  08 24 2024 13 25 21
08 25 2024 02 24 08     165.306745  08 25 2024 13 25 22
08 26 2024 02 05 05     170.069699  08 26 2024 13 25 22
08 27 2024 01 46 03     174.833020  08 27 2024 13 25 23
08 28 2024 03 08 30     154.222288  08 28 2024 13 25 24
08 29 2024 02 49 28     158.985978  08 29 2024 13 25 24
08 30 2024 02 30 25     163.749803  08 30 2024 13 25 25
08 31 2024 02 11 22     168.514110  08 31 2024 13 25 26
09 01 2024 01 52 20     173.278006  09 01 2024 13 25 26
09 02 2024 03 14 47     152.668546  09 02 2024 13 25 27
09 03 2024 02 55 44     157.433363  09 03 2024 13 25 28
09 04 2024 02 36 41     162.198385  09 04 2024 13 25 29
09 05 2024 02 17 38     166.963748  09 05 2024 13 25 29
09 06 2024 01 58 35     171.729286  09 06 2024 13 25 30
09 07 2024 03 21 02     151.121401  09 07 2024 13 25 31
09 08 2024 03 01 58     155.887463  09 08 2024 13 25 31
09 09 2024 02 42 55     160.654202  09 09 2024 13 25 32
09 10 2024 02 23 52     165.421085  09 10 2024 13 25 33
09 11 2024 02 04 48     170.188245  09 11 2024 13 25 34
09 12 2024 01 45 47     174.948521  09 12 2024 13 25 34
09 13 2024 03 08 17     154.323249  09 13 2024 13 25 35
09 14 2024 02 49 18     159.073346  09 14 2024 13 25 36
09 15 2024 02 30 19     163.823155  09 15 2024 13 25 36
09 16 2024 02 11 20     168.573542  09 16 2024 13 25 37
09 17 2024 01 52 20     173.324078  09 17 2024 13 25 38
09 18 2024 03 14 51     152.700044  09 18 2024 13 25 39
09 19 2024 02 55 51     157.451009  09 19 2024 13 25 39
09 20 2024 02 36 52     162.202251  09 20 2024 13 25 40
09 21 2024 02 17 52     166.953584  09 21 2024 13 25 41
09 22 2024 01 58 52     171.705131  09 22 2024 13 25 42
09 23 2024 03 21 23     151.081711  09 23 2024 13 25 42
09 24 2024 03 02 23     155.833632  09 24 2024 13 25 43
09 25 2024 02 43 23     160.585564  09 25 2024 13 25 44
09 26 2024 02 24 24     165.337830  09 26 2024 13 25 45
09 27 2024 02 05 24     170.090186  09 27 2024 13 25 45
09 28 2024 01 46 24     174.842869  09 28 2024 13 25 46
09 29 2024 03 08 54     154.221030  09 29 2024 13 25 47
09 30 2024 02 49 54     158.974387  09 30 2024 13 25 48
10 01 2024 02 30 54     163.727886  10 01 2024 13 25 49
10 02 2024 02 11 54     168.481541  10 02 2024 13 25 49
10 03 2024 01 52 54     173.235983  10 03 2024 13 25 50
10 04 2024 03 15 23     152.615847  10 04 2024 13 25 51
10 05 2024 02 56 23     157.370616  10 05 2024 13 25 52
10 06 2024 02 37 22     162.126017  10 06 2024 13 25 53
10 07 2024 02 18 22     166.881676  10 07 2024 13 25 53
10 08 2024 01 59 21     171.637823  10 08 2024 13 25 54
10 09 2024 03 21 50     151.020104  10 09 2024 13 25 55
10 10 2024 03 02 49     155.777069  10 10 2024 13 25 56
10 11 2024 02 43 48     160.536899  10 11 2024 13 25 57
10 12 2024 02 24 47     165.292902  10 12 2024 13 25 57
10 13 2024 02 05 46     170.050933  10 13 2024 13 25 58
10 14 2024 01 46 45     174.809402  10 14 2024 13 25 59
10 15 2024 03 09 14     154.193749  10 15 2024 13 26 00
10 16 2024 02 50 12     158.952863  10 16 2024 13 26 01
10 17 2024 02 31 11     163.711936  10 17 2024 13 26 02
10 18 2024 02 12 10     168.471350  10 18 2024 13 26 03
10 19 2024 01 53 08     173.231068  10 19 2024 13 26 04
10 20 2024 03 15 37     152.616543  10 20 2024 13 26 04
10 21 2024 02 56 35     157.376479  10 21 2024 13 26 05
10 22 2024 02 37 33     162.136496  10 22 2024 13 26 06
10 23 2024 02 18 32     166.896763  10 23 2024 13 26 07
10 24 2024 01 59 30     171.657460  10 24 2024 13 26 08
10 25 2024 03 21 58     151.044171  10 25 2024 13 26 09
10 26 2024 03 02 57     155.805184  10 26 2024 13 26 10
10 27 2024 02 43 55     160.566770  10 27 2024 13 26 11
10 28 2024 02 24 53     165.328602  10 28 2024 13 26 12
10 29 2024 02 05 51     170.090634  10 29 2024 13 26 13
10 30 2024 01 46 49     174.853215  10 30 2024 13 26 14
10 31 2024 03 09 18     154.231538  10 31 2024 13 26 14
11 01 2024 02 50 21     158.967564  11 01 2024 13 26 13
11 02 2024 02 31 24     163.704139  11 02 2024 13 26 13
11 03 2024 02 12 26     168.441138  11 03 2024 13 26 12
11 04 2024 01 53 28     173.178502  11 04 2024 13 26 11
11 05 2024 03 16 01     152.540427  11 05 2024 13 26 11
11 06 2024 02 57 03     157.278880  11 06 2024 13 26 10
11 07 2024 02 38 05     162.017355  11 07 2024 13 26 09
11 08 2024 02 19 07     166.756391  11 08 2024 13 26 09
11 09 2024 02 00 09     171.495738  11 09 2024 13 26 08
11 10 2024 03 22 41     150.859760  11 10 2024 13 26 07
11 11 2024 03 03 43     155.599789  11 11 2024 13 26 07
11 12 2024 02 44 44     160.340130  11 12 2024 13 26 06
11 13 2024 02 25 46     165.080495  11 13 2024 13 26 05
11 14 2024 02 06 46     169.825990  11 14 2024 13 26 05
11 15 2024 01 47 45     174.580722  11 15 2024 13 26 04
11 16 2024 03 10 13     153.960900  11 16 2024 13 26 03
11 17 2024 02 51 11     158.715849  11 17 2024 13 26 03
11 18 2024 02 32 09     163.470946  11 18 2024 13 26 02
11 19 2024 02 13 07     168.226212  11 19 2024 13 26 02
11 20 2024 01 54 05     172.981529  11 20 2024 13 26 01
11 21 2024 03 16 33     152.362512  11 21 2024 13 26 00
11 22 2024 02 57 31     157.118376  11 22 2024 13 26 00
11 23 2024 02 38 29     161.874233  11 23 2024 13 25 59
11 24 2024 02 19 27     166.630467  11 24 2024 13 25 59
11 25 2024 02 00 25     171.386754  11 25 2024 13 25 58
11 26 2024 03 22 53     150.768925  11 26 2024 13 25 57
11 27 2024 03 03 51     155.525918  11 27 2024 13 25 57
11 28 2024 02 44 48     160.283085  11 28 2024 13 25 56
11 29 2024 02 25 46     165.040455  11 29 2024 13 25 56
11 30 2024 02 06 44     169.798043  11 30 2024 13 25 55
12 01 2024 01 47 41     174.555979  12 01 2024 13 25 55
12 02 2024 03 10 09     153.939745  12 02 2024 13 25 54
12 03 2024 02 51 06     158.698053  12 03 2024 13 25 54
12 04 2024 02 32 03     163.456683  12 04 2024 13 25 53
12 05 2024 02 13 01     168.215585  12 05 2024 13 25 53
12 06 2024 01 53 58     172.974694  12 06 2024 13 25 52
12 07 2024 03 16 25     152.359737  12 07 2024 13 25 52
12 08 2024 02 57 22     157.119159  12 08 2024 13 25 51
12 09 2024 02 38 20     161.878916  12 09 2024 13 25 51
12 10 2024 02 19 17     166.638680  12 10 2024 13 25 50
12 11 2024 02 00 14     171.398655  12 11 2024 13 25 49
12 12 2024 03 22 41     150.784712  12 12 2024 13 25 49
12 13 2024 03 03 38     155.545008  12 13 2024 13 25 48
12 14 2024 02 44 35     160.305595  12 14 2024 13 25 48
12 15 2024 02 25 32     165.066121  12 15 2024 13 25 48
12 16 2024 02 06 29     169.826778  12 16 2024 13 25 47
12 17 2024 01 47 25     174.587688  12 17 2024 13 25 47
12 18 2024 03 09 52     153.974618  12 18 2024 13 25 46
12 19 2024 02 50 49     158.735889  12 19 2024 13 25 46
12 20 2024 02 31 46     163.497217  12 20 2024 13 25 45
12 21 2024 02 12 43     168.258825  12 21 2024 13 25 45
12 22 2024 01 53 39     173.020428  12 22 2024 13 25 44
12 23 2024 03 16 06     152.408176  12 23 2024 13 25 44
12 24 2024 02 57 02     157.170280  12 24 2024 13 25 43
12 25 2024 02 37 59     161.932562  12 25 2024 13 25 43
12 26 2024 02 18 55     166.694956  12 26 2024 13 25 42
12 27 2024 01 59 52     171.457527  12 27 2024 13 25 42
12 28 2024 03 22 18     150.846199  12 28 2024 13 25 41
12 29 2024 03 03 15     155.609148  12 29 2024 13 25 41
12 30 2024 02 44 11     160.372280  12 30 2024 13 25 40
12 31 2024 02 25 07     165.135594  12 31 2024 13 25 40
01 01 2025 02 06 04     169.899090  01 01 2025 13 25 39
01 02 2025 01 47 00     174.662768  01 02 2025 13 25 39
01 03 2025 03 09 26     154.052626  01 03 2025 13 25 38
01 04 2025 02 50 22     158.816681  01 04 2025 13 25 38
01 05 2025 02 31 18     163.580918  01 05 2025 13 25 37
01 06 2025 02 12 14     168.345338  01 06 2025 13 25 37
01 07 2025 01 53 10     173.109939  01 07 2025 13 25 37
01 08 2025 03 15 36     152.500784  01 08 2025 13 25 36
01 09 2025 02 56 32     157.265761  01 09 2025 13 25 36
01 10 2025 02 37 28     162.030920  01 10 2025 13 25 35
