03 28 1983 01 49 10     -94.806598  03 27 1983 19 29 57
03 29 1983 03 04 59    -113.820811  03 28 1983 19 29 42
03 30 1983 02 43 14    -108.373312  03 29 1983 19 29 44
03 31 1983 02 21 28    -102.928883  03 30 1983 19 29 45
04 01 1983 01 59 43     -97.483179  03 31 1983 19 29 47
04 02 1983 03 19 16    -117.359174  04 01 1983 19 29 50
04 03 1983 02 57 31    -111.914567  04 02 1983 19 29 51
04 04 1983 02 35 45    -106.467889  04 03 1983 19 29 53
04 05 1983 02 14 00    -101.022216  04 04 1983 19 29 55
04 06 1983 01 52 15     -95.576407  04 05 1983 19 29 56
04 07 1983 03 11 48    -115.456127  04 06 1983 19 29 58
04 08 1983 02 50 02    -110.009567  04 07 1983 19 30 00
04 09 1983 02 28 17    -104.563454  04 08 1983 19 30 02
04 10 1983 02 06 32     -99.116932  04 09 1983 19 30 04
04 11 1983 01 44 46     -93.670069  04 10 1983 19 30 05
04 12 1983 03 04 19    -113.549345  04 11 1983 19 30 07
04 13 1983 02 42 33    -108.099263  04 12 1983 19 30 09
04 14 1983 02 20 48    -102.655707  04 13 1983 19 30 11
04 15 1983 01 59 03     -97.211320  04 14 1983 19 30 12
04 16 1983 03 18 36    -117.089658  04 15 1983 19 30 14
04 17 1983 02 56 50    -111.642840  04 16 1983 19 30 16
04 18 1983 02 35 05    -106.196397  04 17 1983 19 30 18
04 19 1983 02 13 18    -100.749891  04 18 1983 19 30 18
04 20 1983 01 51 32     -95.302428  04 19 1983 19 30 20
04 21 1983 03 11 05    -115.180153  04 20 1983 19 30 21
04 22 1983 02 49 19    -109.732704  04 21 1983 19 30 23
04 23 1983 02 27 33    -104.285259  04 22 1983 19 30 25
04 24 1983 02 05 48     -98.837817  04 23 1983 19 30 27
04 25 1983 01 44 02     -93.390377  04 24 1983 19 30 28
04 26 1983 03 03 34    -113.268119  04 25 1983 19 30 30
04 27 1983 02 41 51    -107.825397  04 26 1983 19 30 33
04 28 1983 02 20 05    -102.378362  04 27 1983 19 30 34
04 29 1983 01 58 19     -96.931196  04 28 1983 19 30 36
04 30 1983 03 17 52    -116.809087  04 29 1983 19 30 38
05 01 1983 02 56 06    -111.361647  04 30 1983 19 30 39
05 02 1983 02 34 20    -105.914071  05 01 1983 19 30 41
05 03 1983 02 12 34    -100.466359  05 02 1983 19 30 42
05 04 1983 01 50 49     -95.018508  05 03 1983 19 30 44
05 05 1983 03 10 21    -114.895656  05 04 1983 19 30 46
05 06 1983 02 48 35    -109.443128  05 05 1983 19 30 48
05 07 1983 02 26 49    -103.995046  05 06 1983 19 30 50
05 08 1983 02 05 03     -98.546819  05 07 1983 19 30 52
05 09 1983 01 43 17     -93.098446  05 08 1983 19 30 53
05 10 1983 03 02 49    -112.975026  05 09 1983 19 30 55
05 11 1983 02 41 03    -107.526347  05 10 1983 19 30 56
05 12 1983 02 19 17    -102.077518  05 11 1983 19 30 58
05 13 1983 01 57 31     -96.628537  05 12 1983 19 31 00
05 14 1983 03 17 02    -116.504461  05 13 1983 19 31 01
05 15 1983 02 55 16    -111.055164  05 14 1983 19 31 03
05 16 1983 02 33 30    -105.605712  05 15 1983 19 31 05
05 17 1983 02 11 44    -100.156105  05 16 1983 19 31 06
05 18 1983 01 49 57     -94.706341  05 17 1983 19 31 08
05 19 1983 03 09 29    -114.581421  05 18 1983 19 31 10
05 20 1983 02 47 43    -109.131331  05 19 1983 19 31 11
05 21 1983 02 25 56    -103.680046  05 20 1983 19 31 13
05 22 1983 02 04 10     -98.230156  05 21 1983 19 31 14
05 23 1983 01 42 23     -92.780106  05 22 1983 19 31 16
05 24 1983 03 01 55    -112.654876  05 23 1983 19 31 18
05 25 1983 02 40 08    -107.204494  05 24 1983 19 31 19
05 26 1983 02 18 22    -101.753952  05 25 1983 19 31 21
05 27 1983 01 56 35     -96.303249  05 26 1983 19 31 22
05 28 1983 03 16 06    -116.177316  05 27 1983 19 31 24
05 29 1983 02 54 20    -110.726280  05 28 1983 19 31 25
05 30 1983 02 32 33    -105.275082  05 29 1983 19 31 27
05 31 1983 02 10 46     -99.823723  05 30 1983 19 31 28
06 01 1983 01 48 59     -94.372204  05 31 1983 19 31 30
06 02 1983 03 08 31    -114.245399  06 01 1983 19 31 32
06 03 1983 02 46 44    -108.793548  06 02 1983 19 31 33
06 04 1983 02 24 57    -103.341538  06 03 1983 19 31 35
06 05 1983 02 03 10     -97.889369  06 04 1983 19 31 36
06 06 1983 01 41 23     -92.438318  06 05 1983 19 31 38
06 07 1983 03 00 54    -112.311391  06 06 1983 19 31 39
06 08 1983 02 39 07    -106.859467  06 07 1983 19 31 41
06 09 1983 02 17 20    -101.407422  06 08 1983 19 31 42
06 10 1983 01 55 33     -95.955259  06 09 1983 19 31 44
06 11 1983 03 15 04    -115.827810  06 10 1983 19 31 45
06 12 1983 02 53 17    -110.375403  06 11 1983 19 31 47
06 13 1983 02 31 30    -104.922880  06 12 1983 19 31 48
06 14 1983 02 09 42     -99.470242  06 13 1983 19 31 50
06 15 1983 01 47 55     -94.013766  06 14 1983 19 31 52
06 16 1983 03 07 26    -113.885554  06 15 1983 19 31 53
06 17 1983 02 45 39    -108.432438  06 16 1983 19 31 55
06 18 1983 02 23 51    -102.979207  06 17 1983 19 31 56
06 19 1983 02 02 04     -97.525865  06 18 1983 19 31 58
06 20 1983 03 21 35    -117.397162  06 19 1983 19 31 59
06 21 1983 02 59 47    -111.943593  06 20 1983 19 32 01
06 22 1983 02 38 00    -106.489916  06 21 1983 19 32 02
06 23 1983 02 16 12    -101.036134  06 22 1983 19 32 04
06 24 1983 01 54 25     -95.582248  06 23 1983 19 32 05
06 25 1983 03 13 56    -115.452970  06 24 1983 19 32 07
06 26 1983 02 52 07    -109.988006  06 25 1983 19 32 10
06 27 1983 02 30 19    -104.534079  06 26 1983 19 32 11
06 28 1983 02 08 32     -99.080128  06 27 1983 19 32 12
06 29 1983 01 46 44     -93.626152  06 28 1983 19 32 14
06 30 1983 03 06 15    -113.496869  06 29 1983 19 32 15
07 01 1983 02 44 27    -108.042850  06 30 1983 19 32 17
07 02 1983 02 22 39    -102.588812  07 01 1983 19 32 18
07 03 1983 02 00 52     -97.134757  07 02 1983 19 32 19
07 04 1983 03 20 22    -117.005395  07 03 1983 19 32 21
07 05 1983 02 58 35    -111.551310  07 04 1983 19 32 22
07 06 1983 02 36 47    -106.092067  07 05 1983 19 32 25
07 07 1983 02 14 59    -100.637501  07 06 1983 19 32 26
07 08 1983 01 53 11     -95.182887  07 07 1983 19 32 27
07 09 1983 03 12 42    -115.052892  07 08 1983 19 32 29
07 10 1983 02 50 54    -109.598185  07 09 1983 19 32 30
07 11 1983 02 29 06    -104.141274  07 10 1983 19 32 32
07 12 1983 02 07 18     -98.686293  07 11 1983 19 32 33
07 13 1983 01 45 30     -93.230825  07 12 1983 19 32 35
07 14 1983 03 05 01    -113.098543  07 13 1983 19 32 37
07 15 1983 02 43 13    -107.646139  07 14 1983 19 32 38
07 16 1983 02 21 25    -102.190611  07 15 1983 19 32 39
07 17 1983 01 59 37     -96.735074  07 16 1983 19 32 41
07 18 1983 03 19 08    -116.604766  07 17 1983 19 32 42
07 19 1983 02 57 20    -111.149803  07 18 1983 19 32 44
07 20 1983 02 35 32    -105.694832  07 19 1983 19 32 45
07 21 1983 02 13 44    -100.239854  07 20 1983 19 32 47
07 22 1983 01 51 56     -94.781331  07 21 1983 19 32 49
07 23 1983 03 11 26    -114.650705  07 22 1983 19 32 50
07 24 1983 02 49 38    -109.195412  07 23 1983 19 32 52
07 25 1983 02 27 51    -103.740081  07 24 1983 19 32 53
07 26 1983 02 06 03     -98.284711  07 25 1983 19 32 54
07 27 1983 01 44 15     -92.829303  07 26 1983 19 32 56
07 28 1983 03 03 45    -112.698467  07 27 1983 19 32 57
07 29 1983 02 41 57    -107.242981  07 28 1983 19 32 59
07 30 1983 02 20 09    -101.785138  07 29 1983 19 33 00
07 31 1983 01 58 21     -96.329579  07 30 1983 19 33 02
08 01 1983 03 17 51    -116.198577  07 31 1983 19 33 03
08 02 1983 02 56 03    -110.742934  08 01 1983 19 33 05
08 03 1983 02 34 15    -105.287250  08 02 1983 19 33 06
08 04 1983 02 12 27     -99.831524  08 03 1983 19 33 08
08 05 1983 01 50 39     -94.375757  08 04 1983 19 33 09
08 06 1983 03 10 09    -114.243705  08 05 1983 19 33 11
08 07 1983 02 48 21    -108.787907  08 06 1983 19 33 12
08 08 1983 02 26 33    -103.332074  08 07 1983 19 33 14
08 09 1983 02 04 45     -97.876205  08 08 1983 19 33 15
08 10 1983 01 42 57     -92.420298  08 09 1983 19 33 16
08 11 1983 03 02 27    -112.288926  08 10 1983 19 33 18
08 12 1983 02 40 39    -106.832939  08 11 1983 19 33 19
08 13 1983 02 18 51    -101.376911  08 12 1983 19 33 21
08 14 1983 01 57 03     -95.920843  08 13 1983 19 33 22
08 15 1983 03 16 33    -115.789294  08 14 1983 19 33 24
08 16 1983 02 54 45    -110.328624  08 15 1983 19 33 26
08 17 1983 02 32 57    -104.872478  08 16 1983 19 33 27
08 18 1983 02 11 09     -99.416264  08 17 1983 19 33 29
08 19 1983 01 49 20     -93.959981  08 18 1983 19 33 30
08 20 1983 03 08 50    -113.828170  08 19 1983 19 33 31
08 21 1983 02 47 02    -108.371740  08 20 1983 19 33 33
08 22 1983 02 25 14    -102.915235  08 21 1983 19 33 34
08 23 1983 02 03 26     -97.458656  08 22 1983 19 33 36
08 24 1983 01 41 37     -92.002000  08 23 1983 19 33 37
08 25 1983 03 01 07    -111.869781  08 24 1983 19 33 38
08 26 1983 02 39 19    -106.412961  08 25 1983 19 33 40
08 27 1983 02 17 31    -100.956060  08 26 1983 19 33 41
08 28 1983 01 55 42     -95.499075  08 27 1983 19 33 43
08 29 1983 03 15 12    -115.362371  08 28 1983 19 33 45
08 30 1983 02 53 24    -109.905376  08 29 1983 19 33 47
08 31 1983 02 31 36    -104.448355  08 30 1983 19 33 48
09 01 1983 02 09 47     -98.991308  08 31 1983 19 33 49
09 02 1983 01 47 59     -93.534231  09 01 1983 19 33 51
09 03 1983 03 07 28    -113.401615  09 02 1983 19 33 52
09 04 1983 02 45 40    -107.944474  09 03 1983 19 33 53
09 05 1983 02 23 52    -102.487299  09 04 1983 19 33 55
09 06 1983 02 02 03     -97.030089  09 05 1983 19 33 56
09 07 1983 03 21 33    -116.897322  09 06 1983 19 33 58
09 08 1983 02 59 45    -111.440034  09 07 1983 19 33 59
09 09 1983 02 37 56    -105.982705  09 08 1983 19 34 00
09 10 1983 02 16 07    -100.522680  09 09 1983 19 34 02
09 11 1983 01 54 19     -95.065041  09 10 1983 19 34 03
09 12 1983 03 13 48    -114.931750  09 11 1983 19 34 05
09 13 1983 02 52 00    -109.473911  09 12 1983 19 34 06
09 14 1983 02 30 11    -104.015973  09 13 1983 19 34 07
09 15 1983 02 08 23     -98.557935  09 14 1983 19 34 09
09 16 1983 01 46 34     -93.099797  09 15 1983 19 34 10
09 17 1983 03 06 03    -112.965963  09 16 1983 19 34 12
09 18 1983 02 44 15    -107.507612  09 17 1983 19 34 13
09 19 1983 02 22 26    -102.048741  09 18 1983 19 34 14
09 20 1983 02 00 37     -96.590382  09 19 1983 19 34 16
09 21 1983 03 20 07    -116.456296  09 20 1983 19 34 17
09 22 1983 02 58 18    -110.997694  09 21 1983 19 34 18
09 23 1983 02 36 29    -105.538973  09 22 1983 19 34 20
09 24 1983 02 14 40    -100.080133  09 23 1983 19 34 21
09 25 1983 01 52 51     -94.621174  09 24 1983 19 34 22
09 26 1983 03 12 20    -114.486442  09 25 1983 19 34 24
09 27 1983 02 50 32    -109.027234  09 26 1983 19 34 25
09 28 1983 02 28 43    -103.567906  09 27 1983 19 34 26
09 29 1983 02 06 54     -98.108457  09 28 1983 19 34 28
09 30 1983 01 45 05     -92.648044  09 29 1983 19 34 29
10 01 1983 03 04 34    -112.513054  09 30 1983 19 34 31
10 02 1983 02 42 45    -107.053646  10 01 1983 19 34 32
10 03 1983 02 20 56    -101.594158  10 02 1983 19 34 33
10 04 1983 01 59 07     -96.134590  10 03 1983 19 34 35
10 05 1983 03 18 36    -115.999251  10 04 1983 19 34 36
10 06 1983 02 56 47    -110.539519  10 05 1983 19 34 37
10 07 1983 02 34 58    -105.078876  10 06 1983 19 34 39
10 08 1983 02 13 08     -99.618792  10 07 1983 19 34 40
10 09 1983 01 51 19     -94.158607  10 08 1983 19 34 41
10 10 1983 03 10 48    -114.022581  10 09 1983 19 34 43
10 11 1983 02 48 59    -108.562187  10 10 1983 19 34 44
10 12 1983 02 27 10    -103.101694  10 11 1983 19 34 45
10 13 1983 02 05 20     -97.641103  10 12 1983 19 34 47
10 14 1983 01 43 31     -92.179610  10 13 1983 19 34 48
10 15 1983 03 02 59    -112.042986  10 14 1983 19 34 49
10 16 1983 02 41 10    -106.582006  10 15 1983 19 34 50
10 17 1983 02 19 21    -101.120900  10 16 1983 19 34 52
10 18 1983 01 57 31     -95.659670  10 17 1983 19 34 53
10 19 1983 03 17 00    -115.522501  10 18 1983 19 34 54
10 20 1983 02 55 10    -110.061017  10 19 1983 19 34 56
10 21 1983 02 33 21    -104.599413  10 20 1983 19 34 57
10 22 1983 02 11 31     -99.137690  10 21 1983 19 34 58
10 23 1983 01 49 41     -93.675329  10 22 1983 19 34 59
10 24 1983 03 09 10    -113.537829  10 23 1983 19 35 01
10 25 1983 02 47 20    -108.076032  10 24 1983 19 35 02
10 26 1983 02 25 30    -102.614111  10 25 1983 19 35 03
10 27 1983 02 03 41     -97.152067  10 26 1983 19 35 04
10 28 1983 01 41 51     -91.689901  10 27 1983 19 35 06
10 29 1983 03 01 20    -111.554549  10 28 1983 19 35 06
10 30 1983 02 39 30    -106.092697  10 29 1983 19 35 08
10 31 1983 02 17 40    -100.630785  10 30 1983 19 35 09
11 01 1983 01 55 51     -95.168815  10 31 1983 19 35 10
11 02 1983 03 15 19    -115.030928  11 01 1983 19 35 11
11 03 1983 02 53 29    -109.568843  11 02 1983 19 35 12
11 04 1983 02 31 39    -104.106080  11 03 1983 19 35 14
11 05 1983 02 09 49     -98.643753  11 04 1983 19 35 15
11 06 1983 01 48 00     -93.181350  11 05 1983 19 35 16
11 07 1983 03 07 28    -113.042979  11 06 1983 19 35 17
11 08 1983 02 45 38    -107.580424  11 07 1983 19 35 18
11 09 1983 02 23 48    -102.117798  11 08 1983 19 35 20
11 10 1983 02 01 58     -96.655522  11 09 1983 19 35 21
11 11 1983 03 21 26    -116.516848  11 10 1983 19 35 22
11 12 1983 02 59 36    -111.053995  11 11 1983 19 35 23
11 13 1983 02 37 46    -105.591057  11 12 1983 19 35 24
11 14 1983 02 15 56    -100.128035  11 13 1983 19 35 25
11 15 1983 01 54 06     -94.664930  11 14 1983 19 35 27
11 16 1983 03 13 34    -114.525799  11 15 1983 19 35 28
11 17 1983 02 51 44    -109.062527  11 16 1983 19 35 29
11 18 1983 02 29 54    -103.599177  11 17 1983 19 35 30
11 19 1983 02 08 04     -98.137520  11 18 1983 19 35 31
11 20 1983 01 46 14     -92.674686  11 19 1983 19 35 32
11 21 1983 03 05 42    -112.535924  11 20 1983 19 35 33
11 22 1983 02 43 52    -107.073069  11 21 1983 19 35 34
11 23 1983 02 22 02    -101.610205  11 22 1983 19 35 35
11 24 1983 02 00 12     -96.147332  11 23 1983 19 35 36
11 25 1983 03 19 39    -116.008531  11 24 1983 19 35 37
11 26 1983 02 57 49    -110.545642  11 25 1983 19 35 38
11 27 1983 02 35 59    -105.082746  11 26 1983 19 35 40
11 28 1983 02 14 09     -99.619084  11 27 1983 19 35 41
11 29 1983 01 52 19     -94.156094  11 28 1983 19 35 42
11 30 1983 03 11 47    -114.017169  11 29 1983 19 35 43
12 01 1983 02 49 57    -108.554165  11 30 1983 19 35 44
12 02 1983 02 28 07    -103.091154  12 01 1983 19 35 45
12 03 1983 02 06 17     -97.627418  12 02 1983 19 35 46
12 04 1983 01 44 27     -92.164233  12 03 1983 19 35 47
12 05 1983 03 03 54    -112.025069  12 04 1983 19 35 48
12 06 1983 02 42 04    -106.561812  12 05 1983 19 35 49
12 07 1983 02 20 14    -101.098520  12 06 1983 19 35 50
12 08 1983 01 58 24     -95.635192  12 07 1983 19 35 52
12 09 1983 03 17 52    -115.495872  12 08 1983 19 35 53
12 10 1983 02 56 02    -110.032468  12 09 1983 19 35 54
12 11 1983 02 34 11    -104.569027  12 10 1983 19 35 55
12 12 1983 02 12 21     -99.105547  12 11 1983 19 35 56
12 13 1983 01 50 31     -93.642028  12 12 1983 19 35 57
12 14 1983 03 09 59    -113.502499  12 13 1983 19 35 58
12 15 1983 02 48 08    -108.038895  12 14 1983 19 35 59
12 16 1983 02 26 18    -102.575250  12 15 1983 19 36 00
12 17 1983 02 04 28     -97.111561  12 16 1983 19 36 01
12 18 1983 01 42 38     -91.647828  12 17 1983 19 36 02
12 19 1983 03 02 05    -111.508064  12 18 1983 19 36 03
12 20 1983 02 40 15    -106.044235  12 19 1983 19 36 05
12 21 1983 02 18 25    -100.580358  12 20 1983 19 36 06
12 22 1983 01 56 35     -95.116432  12 21 1983 19 36 07
12 23 1983 03 16 02    -114.980967  12 22 1983 19 36 07
12 24 1983 02 54 12    -109.517419  12 23 1983 19 36 08
12 25 1983 02 32 21    -104.053844  12 24 1983 19 36 09
12 26 1983 02 10 31     -98.590241  12 25 1983 19 36 09
12 27 1983 01 48 41     -93.126608  12 26 1983 19 36 10
12 28 1983 03 08 08    -112.986966  12 27 1983 19 36 11
12 29 1983 02 46 18    -107.523265  12 28 1983 19 36 12
12 30 1983 02 24 28    -102.059529  12 29 1983 19 36 13
12 31 1983 02 02 37     -96.595755  12 30 1983 19 36 14
01 01 1984 03 22 05    -116.455955  12 31 1983 19 36 15
01 02 1984 03 00 14    -110.992100  01 01 1984 19 36 16
01 03 1984 02 38 24    -105.528202  01 02 1984 19 36 17
01 04 1984 02 16 34    -100.064260  01 03 1984 19 36 18
01 05 1984 01 54 43     -94.600273  01 04 1984 19 36 19
01 06 1984 03 14 10    -114.460234  01 05 1984 19 36 20
01 07 1984 02 52 20    -108.996146  01 06 1984 19 36 21
01 08 1984 02 30 30    -103.532008  01 07 1984 19 36 22
01 09 1984 02 08 39     -98.067818  01 08 1984 19 36 23
01 10 1984 01 46 49     -92.603574  01 09 1984 19 36 24
01 11 1984 03 06 16    -112.463251  01 10 1984 19 36 25
01 12 1984 02 44 25    -106.998891  01 11 1984 19 36 26
01 13 1984 02 22 35    -101.534472  01 12 1984 19 36 27
01 14 1984 02 00 44     -96.069993  01 13 1984 19 36 28
01 15 1984 03 20 11    -115.927439  01 14 1984 19 36 29
01 16 1984 02 58 21    -110.463026  01 15 1984 19 36 30
01 17 1984 02 36 30    -104.998515  01 16 1984 19 36 31
01 18 1984 02 14 40     -99.533905  01 17 1984 19 36 32
01 19 1984 01 52 49     -94.069196  01 18 1984 19 36 32
01 20 1984 03 12 16    -113.928324  01 19 1984 19 36 33
01 21 1984 02 50 25    -108.463404  01 20 1984 19 36 34
01 22 1984 02 28 35    -102.998381  01 21 1984 19 36 35
01 23 1984 02 06 44     -97.533255  01 22 1984 19 36 36
01 24 1984 01 44 53     -92.068024  01 23 1984 19 36 37
01 25 1984 03 04 20    -111.926588  01 24 1984 19 36 38
01 26 1984 02 42 29    -106.461138  01 25 1984 19 36 39
01 27 1984 02 20 39    -100.995804  01 26 1984 19 36 40
01 28 1984 01 58 48     -95.530387  01 27 1984 19 36 41
01 29 1984 03 18 15    -115.388776  01 28 1984 19 36 42
01 30 1984 02 56 24    -109.923185  01 29 1984 19 36 42
01 31 1984 02 34 33    -104.457510  01 30 1984 19 36 43
02 01 1984 02 12 42     -98.991750  01 31 1984 19 36 44
02 02 1984 01 50 51     -93.525904  02 01 1984 19 36 45
02 03 1984 03 10 18    -113.383833  02 02 1984 19 36 46
02 04 1984 02 48 27    -107.917813  02 03 1984 19 36 47
02 05 1984 02 26 36    -102.451708  02 04 1984 19 36 48
02 06 1984 02 04 45     -96.985519  02 05 1984 19 36 49
02 07 1984 01 42 54     -91.519246  02 06 1984 19 36 50
02 08 1984 03 02 21    -111.375674  02 07 1984 19 36 50
02 09 1984 02 40 29    -105.909146  02 08 1984 19 36 51
02 10 1984 02 18 38    -100.442521  02 09 1984 19 36 52
02 11 1984 01 56 47     -94.975798  02 10 1984 19 36 53
02 12 1984 03 16 14    -114.832774  02 11 1984 19 36 54
02 13 1984 02 54 23    -109.365852  02 12 1984 19 36 55
02 14 1984 02 32 31    -103.898836  02 13 1984 19 36 56
02 15 1984 02 10 40     -98.431726  02 14 1984 19 36 57
02 16 1984 01 48 49     -92.964523  02 15 1984 19 36 57
02 17 1984 03 08 15    -112.820990  02 16 1984 19 36 58
02 18 1984 02 46 24    -107.354143  02 17 1984 19 36 59
02 19 1984 02 24 33    -101.886716  02 18 1984 19 37 00
02 20 1984 02 02 41     -96.419190  02 19 1984 19 37 01
02 21 1984 03 22 08    -116.275306  02 20 1984 19 37 02
02 22 1984 03 00 16    -110.807581  02 21 1984 19 37 02
02 23 1984 02 38 25    -105.339763  02 22 1984 19 37 03
02 24 1984 02 16 33     -99.871852  02 23 1984 19 37 04
02 25 1984 01 54 42     -94.403850  02 24 1984 19 37 05
02 26 1984 03 14 08    -114.259481  02 25 1984 19 37 06
02 27 1984 02 52 17    -108.791387  02 26 1984 19 37 07
02 28 1984 02 30 25    -103.323207  02 27 1984 19 37 07
02 29 1984 02 08 33     -97.854944  02 28 1984 19 37 08
03 01 1984 01 46 42     -92.386597  02 29 1984 19 37 09
03 02 1984 03 06 08    -112.241851  03 01 1984 19 37 10
03 03 1984 02 44 16    -106.773339  03 02 1984 19 37 11
03 04 1984 02 22 25    -101.304749  03 03 1984 19 37 12
03 05 1984 02 00 33     -95.833117  03 04 1984 19 37 13
03 06 1984 03 19 59    -115.687743  03 05 1984 19 37 14
03 07 1984 02 58 07    -110.218619  03 06 1984 19 37 15
03 08 1984 02 36 15    -104.749392  03 07 1984 19 37 15
03 09 1984 02 14 23     -99.280064  03 08 1984 19 37 16
03 10 1984 01 52 32     -93.810635  03 09 1984 19 37 17
03 11 1984 03 11 58    -113.673293  03 10 1984 19 37 16
03 12 1984 02 50 06    -108.203851  03 11 1984 19 37 17
03 13 1984 02 28 14    -102.734335  03 12 1984 19 37 18
03 14 1984 02 06 22     -97.264747  03 13 1984 19 37 19
03 15 1984 01 44 30     -91.795089  03 14 1984 19 37 20
03 16 1984 03 03 56    -111.648949  03 15 1984 19 37 21
03 17 1984 02 42 04    -106.170551  03 16 1984 19 37 23
03 18 1984 02 20 12    -100.701966  03 17 1984 19 37 24
03 19 1984 01 58 20     -95.233311  03 18 1984 19 37 24
03 20 1984 03 17 46    -115.088246  03 19 1984 19 37 25
03 21 1984 02 55 54    -109.619447  03 20 1984 19 37 25
03 22 1984 02 34 02    -104.150581  03 21 1984 19 37 26
03 23 1984 02 12 10     -98.681648  03 22 1984 19 37 26
03 24 1984 01 50 18     -93.212649  03 23 1984 19 37 27
03 25 1984 03 09 44    -113.062646  03 24 1984 19 37 29
03 26 1984 02 47 52    -107.592946  03 25 1984 19 37 29
03 27 1984 02 26 00    -102.123144  03 26 1984 19 37 30
03 28 1984 02 04 07     -96.653238  03 27 1984 19 37 31
03 29 1984 01 42 15     -91.183230  03 28 1984 19 37 31
03 30 1984 03 01 41    -111.036681  03 29 1984 19 37 32
03 31 1984 02 39 49    -105.566463  03 30 1984 19 37 33
04 01 1984 02 17 56    -100.096144  03 31 1984 19 37 33
04 02 1984 01 56 04     -94.625725  04 01 1984 19 37 34
04 03 1984 03 15 30    -114.478736  04 02 1984 19 37 35
04 04 1984 02 53 37    -109.008108  04 03 1984 19 37 36
04 05 1984 02 31 45    -103.537380  04 04 1984 19 37 36
04 06 1984 02 09 53     -98.066551  04 05 1984 19 37 37
04 07 1984 01 48 00     -92.593647  04 06 1984 19 37 38
04 08 1984 03 07 26    -112.446371  04 07 1984 19 37 39
04 09 1984 02 45 33    -106.975496  04 08 1984 19 37 39
04 10 1984 02 23 41    -101.504541  04 09 1984 19 37 40
04 11 1984 02 01 49     -96.033505  04 10 1984 19 37 41
04 12 1984 03 21 14    -115.885875  04 11 1984 19 37 41
04 13 1984 02 59 22    -110.414669  04 12 1984 19 37 42
04 14 1984 02 37 29    -104.943379  04 13 1984 19 37 43
04 15 1984 02 15 37     -99.472005  04 14 1984 19 37 43
04 16 1984 01 53 44     -94.000547  04 15 1984 19 37 44
04 17 1984 03 13 09    -113.852460  04 16 1984 19 37 45
04 18 1984 02 51 17    -108.377520  04 17 1984 19 37 46
04 19 1984 02 29 25    -102.906570  04 18 1984 19 37 47
04 20 1984 02 07 32     -97.435515  04 19 1984 19 37 48
04 21 1984 01 45 40     -91.964352  04 20 1984 19 37 48
04 22 1984 03 05 05    -111.816557  04 21 1984 19 37 49
04 23 1984 02 43 12    -106.345168  04 22 1984 19 37 49
04 24 1984 02 21 20    -100.874598  04 23 1984 19 37 50
04 25 1984 01 59 27     -95.403568  04 24 1984 19 37 50
04 26 1984 03 18 52    -115.256032  04 25 1984 19 37 51
04 27 1984 02 57 00    -109.784994  04 26 1984 19 37 52
04 28 1984 02 35 07    -104.311339  04 27 1984 19 37 52
04 29 1984 02 13 14     -98.839886  04 28 1984 19 37 53
04 30 1984 01 51 22     -93.368364  04 29 1984 19 37 53
05 01 1984 03 10 47    -113.220226  04 30 1984 19 37 54
05 02 1984 02 48 54    -107.747321  05 01 1984 19 37 55
05 03 1984 02 27 01    -102.275525  05 02 1984 19 37 55
05 04 1984 02 05 09     -96.803656  05 03 1984 19 37 56
05 05 1984 01 43 16     -91.331712  05 04 1984 19 37 56
05 06 1984 03 02 41    -111.183117  05 05 1984 19 37 57
05 07 1984 02 40 48    -105.709062  05 06 1984 19 37 58
05 08 1984 02 18 55    -100.236932  05 07 1984 19 37 58
05 09 1984 01 57 02     -94.764735  05 08 1984 19 37 59
05 10 1984 03 16 27    -114.615878  05 09 1984 19 37 59
05 11 1984 02 54 34    -109.143539  05 10 1984 19 38 00
05 12 1984 02 32 42    -103.671129  05 11 1984 19 38 01
05 13 1984 02 10 49     -98.198646  05 12 1984 19 38 01
05 14 1984 01 48 56     -92.721041  05 13 1984 19 38 03
05 15 1984 03 08 20    -112.572162  05 14 1984 19 38 03
05 16 1984 02 46 28    -107.099784  05 15 1984 19 38 04
05 17 1984 02 24 35    -101.627315  05 16 1984 19 38 04
05 18 1984 02 02 42     -96.154755  05 17 1984 19 38 05
05 19 1984 03 22 06    -116.005481  05 18 1984 19 38 05
05 20 1984 03 00 13    -110.532728  05 19 1984 19 38 05
05 21 1984 02 38 20    -105.059880  05 20 1984 19 38 06
05 22 1984 02 16 27     -99.586935  05 21 1984 19 38 06
05 23 1984 01 54 34     -94.113893  05 22 1984 19 38 07
05 24 1984 03 13 59    -113.964095  05 23 1984 19 38 07
05 25 1984 02 52 06    -108.490848  05 24 1984 19 38 08
05 26 1984 02 30 12    -103.013437  05 25 1984 19 38 09
05 27 1984 02 08 19     -97.539818  05 26 1984 19 38 09
05 28 1984 01 46 26     -92.066082  05 27 1984 19 38 10
05 29 1984 03 05 50    -111.915519  05 28 1984 19 38 10
05 30 1984 02 43 57    -106.441537  05 29 1984 19 38 11
05 31 1984 02 22 03    -100.967437  05 30 1984 19 38 11
06 01 1984 02 00 10     -95.493216  05 31 1984 19 38 12
06 02 1984 03 19 34    -115.342132  06 01 1984 19 38 12
06 03 1984 02 57 41    -109.867663  06 02 1984 19 38 13
06 04 1984 02 35 48    -104.393073  06 03 1984 19 38 13
06 05 1984 02 13 54     -98.917608  06 04 1984 19 38 14
06 06 1984 01 52 01     -93.442894  06 05 1984 19 38 14
06 07 1984 03 11 25    -113.291294  06 06 1984 19 38 15
06 08 1984 02 49 31    -107.816354  06 07 1984 19 38 15
06 09 1984 02 27 38    -102.341305  06 08 1984 19 38 16
06 10 1984 02 05 44     -96.866147  06 09 1984 19 38 16
06 11 1984 01 43 51     -91.390880  06 10 1984 19 38 17
06 12 1984 03 03 14    -111.238690  06 11 1984 19 38 17
06 13 1984 02 41 21    -105.763201  06 12 1984 19 38 18
06 14 1984 02 19 27    -100.287605  06 13 1984 19 38 18
06 15 1984 01 57 34     -94.808402  06 14 1984 19 38 20
06 16 1984 03 16 57    -114.656043  06 15 1984 19 38 20
06 17 1984 02 55 04    -109.180411  06 16 1984 19 38 21
06 18 1984 02 33 10    -103.704685  06 17 1984 19 38 21
06 19 1984 02 11 16     -98.228867  06 18 1984 19 38 21
06 20 1984 01 49 23     -92.752957  06 19 1984 19 38 22
06 21 1984 03 08 46    -112.600097  06 20 1984 19 38 22
06 22 1984 02 46 53    -107.124001  06 21 1984 19 38 23
06 23 1984 02 24 59    -101.647818  06 22 1984 19 38 23
06 24 1984 02 03 05     -96.171549  06 23 1984 19 38 24
06 25 1984 03 22 29    -116.017735  06 24 1984 19 38 24
06 26 1984 03 00 35    -110.541378  06 25 1984 19 38 25
06 27 1984 02 38 41    -105.064939  06 26 1984 19 38 25
06 28 1984 02 16 47     -99.588419  06 27 1984 19 38 26
06 29 1984 01 54 53     -94.111822  06 28 1984 19 38 26
06 30 1984 03 14 17    -113.958239  06 29 1984 19 38 27
07 01 1984 02 52 23    -108.481484  06 30 1984 19 38 27
07 02 1984 02 30 29    -103.004655  07 01 1984 19 38 28
07 03 1984 02 08 35     -97.527754  07 02 1984 19 38 28
07 04 1984 01 46 41     -92.050783  07 03 1984 19 38 29
07 05 1984 03 06 04    -111.896809  07 04 1984 19 38 29
07 06 1984 02 44 10    -106.419698  07 05 1984 19 38 30
07 07 1984 02 22 16    -100.944020  07 06 1984 19 38 30
07 08 1984 02 00 22     -95.467057  07 07 1984 19 38 30
07 09 1984 03 19 46    -115.313110  07 08 1984 19 38 31
07 10 1984 02 57 52    -109.836042  07 09 1984 19 38 31
07 11 1984 02 35 58    -104.358926  07 10 1984 19 38 32
07 12 1984 02 14 04     -98.881764  07 11 1984 19 38 32
07 13 1984 01 52 10     -93.404557  07 12 1984 19 38 32
07 14 1984 03 11 33    -113.250358  07 13 1984 19 38 33
07 15 1984 02 49 39    -107.773064  07 14 1984 19 38 33
07 16 1984 02 27 45    -102.295729  07 15 1984 19 38 34
07 17 1984 02 05 51     -96.818357  07 16 1984 19 38 34
07 18 1984 01 43 56     -91.340947  07 17 1984 19 38 35
07 19 1984 03 03 20    -111.186540  07 18 1984 19 38 35
07 20 1984 02 41 26    -105.709059  07 19 1984 19 38 36
07 21 1984 02 19 32    -100.231545  07 20 1984 19 38 36
07 22 1984 01 57 37     -94.754000  07 21 1984 19 38 36
07 23 1984 03 17 01    -114.599454  07 22 1984 19 38 37
07 24 1984 02 55 07    -109.121849  07 23 1984 19 38 37
07 25 1984 02 33 12    -103.644215  07 24 1984 19 38 38
07 26 1984 02 11 18     -98.166556  07 25 1984 19 38 38
07 27 1984 01 49 24     -92.688871  07 26 1984 19 38 39
07 28 1984 03 08 48    -112.533820  07 27 1984 19 38 40
07 29 1984 02 46 54    -107.056557  07 28 1984 19 38 40
07 30 1984 02 25 00    -101.579290  07 29 1984 19 38 41
07 31 1984 02 03 05     -96.102022  07 30 1984 19 38 41
08 01 1984 03 22 29    -115.947804  07 31 1984 19 38 41
08 02 1984 03 00 35    -110.470533  08 01 1984 19 38 42
08 03 1984 02 38 41    -104.993261  08 02 1984 19 38 42
08 04 1984 02 16 46     -99.515989  08 03 1984 19 38 43
08 05 1984 01 54 52     -94.038717  08 04 1984 19 38 43
08 06 1984 03 14 16    -113.884496  08 05 1984 19 38 44
08 07 1984 02 52 22    -108.407224  08 06 1984 19 38 44
08 08 1984 02 30 28    -102.929951  08 07 1984 19 38 44
08 09 1984 02 08 33     -97.452678  08 08 1984 19 38 45
08 10 1984 01 46 39     -91.975405  08 09 1984 19 38 45
08 11 1984 03 06 03    -111.821183  08 10 1984 19 38 46
08 12 1984 02 44 09    -106.343909  08 11 1984 19 38 46
08 13 1984 02 22 15    -100.866633  08 12 1984 19 38 47
08 14 1984 02 00 20     -95.389355  08 13 1984 19 38 47
08 15 1984 03 19 44    -115.235282  08 14 1984 19 38 47
08 16 1984 02 57 50    -109.758064  08 15 1984 19 38 48
08 17 1984 02 35 56    -104.280843  08 16 1984 19 38 48
08 18 1984 02 14 01     -98.803617  08 17 1984 19 38 49
08 19 1984 01 52 07     -93.326385  08 18 1984 19 38 49
08 20 1984 03 11 31    -113.172202  08 19 1984 19 38 49
08 21 1984 02 49 37    -107.694957  08 20 1984 19 38 50
08 22 1984 02 27 43    -102.217703  08 21 1984 19 38 50
08 23 1984 02 05 48     -96.740440  08 22 1984 19 38 51
08 24 1984 01 43 54     -91.263166  08 23 1984 19 38 51
08 25 1984 03 03 18    -111.108931  08 24 1984 19 38 52
08 26 1984 02 41 24    -105.631631  08 25 1984 19 38 52
08 27 1984 02 19 29    -100.154610  08 26 1984 19 38 52
08 28 1984 01 57 35     -94.677404  08 27 1984 19 38 53
08 29 1984 03 16 59    -114.523238  08 28 1984 19 38 53
08 30 1984 02 55 05    -109.045998  08 29 1984 19 38 54
08 31 1984 02 33 10    -103.568739  08 30 1984 19 38 54
09 01 1984 02 11 16     -98.091460  08 31 1984 19 38 54
09 02 1984 01 49 22     -92.614158  09 01 1984 19 38 55
09 03 1984 03 08 46    -112.459881  09 02 1984 19 38 55
09 04 1984 02 46 51    -106.982529  09 03 1984 19 38 56
09 05 1984 02 24 57    -101.505150  09 04 1984 19 38 56
09 06 1984 02 03 03     -96.027742  09 05 1984 19 38 56
09 07 1984 03 22 26    -115.873343  09 06 1984 19 38 57
09 08 1984 03 00 32    -110.395871  09 07 1984 19 38 57
09 09 1984 02 38 38    -104.918366  09 08 1984 19 38 58
09 10 1984 02 16 44     -99.440825  09 09 1984 19 38 58
09 11 1984 01 54 50     -93.963248  09 10 1984 19 38 58
09 12 1984 03 14 13    -113.808658  09 11 1984 19 38 59
09 13 1984 02 52 19    -108.330999  09 12 1984 19 38 59
09 14 1984 02 30 24    -102.853299  09 13 1984 19 39 00
09 15 1984 02 08 30     -97.375556  09 14 1984 19 39 00
09 16 1984 01 46 36     -91.897769  09 15 1984 19 39 00
09 17 1984 03 05 59    -111.742946  09 16 1984 19 39 01
09 18 1984 02 44 05    -106.265063  09 17 1984 19 39 01
09 19 1984 02 22 11    -100.787131  09 18 1984 19 39 02
09 20 1984 02 00 16     -95.309149  09 19 1984 19 39 02
09 21 1984 03 19 40    -115.154112  09 20 1984 19 39 03
09 22 1984 02 57 45    -109.676024  09 21 1984 19 39 03
09 23 1984 02 35 51    -104.197882  09 22 1984 19 39 03
09 24 1984 02 13 57     -98.719686  09 23 1984 19 39 04
09 25 1984 01 52 02     -93.241435  09 24 1984 19 39 04
09 26 1984 03 11 25    -113.086104  09 25 1984 19 39 05
09 27 1984 02 49 31    -107.607736  09 26 1984 19 39 05
09 28 1984 02 27 36    -102.129311  09 27 1984 19 39 05
09 29 1984 02 05 42     -96.661308  09 28 1984 19 39 03
09 30 1984 01 43 47     -91.183446  09 29 1984 19 39 03
10 01 1984 03 03 11    -111.028531  09 30 1984 19 39 04
10 02 1984 02 41 16    -105.550549  10 01 1984 19 39 04
10 03 1984 02 19 22    -100.072508  10 02 1984 19 39 04
10 04 1984 01 57 27     -94.594408  10 03 1984 19 39 04
10 05 1984 03 16 50    -114.439234  10 04 1984 19 39 05
10 06 1984 02 54 56    -108.961010  10 05 1984 19 39 05
10 07 1984 02 33 01    -103.482725  10 06 1984 19 39 05
10 08 1984 02 11 06     -98.004381  10 07 1984 19 39 05
10 09 1984 01 49 12     -92.525975  10 08 1984 19 39 06
10 10 1984 03 08 35    -112.370474  10 09 1984 19 39 06
10 11 1984 02 46 40    -106.891945  10 10 1984 19 39 06
10 12 1984 02 24 46    -101.413355  10 11 1984 19 39 06
10 13 1984 02 02 51     -95.934706  10 12 1984 19 39 07
10 14 1984 03 22 14    -115.778945  10 13 1984 19 39 07
10 15 1984 03 00 19    -110.300174  10 14 1984 19 39 07
10 16 1984 02 38 25    -104.821345  10 15 1984 19 39 07
10 17 1984 02 16 30     -99.342459  10 16 1984 19 39 08
10 18 1984 01 54 35     -93.863516  10 17 1984 19 39 08
10 19 1984 03 13 58    -113.707445  10 18 1984 19 39 08
10 20 1984 02 52 03    -108.228388  10 19 1984 19 39 08
10 21 1984 02 30 09    -102.749278  10 20 1984 19 39 09
10 22 1984 02 08 14     -97.270115  10 21 1984 19 39 09
10 23 1984 01 46 19     -91.790901  10 22 1984 19 39 09
10 24 1984 03 05 42    -111.634544  10 23 1984 19 39 09
10 25 1984 02 43 47    -106.155227  10 24 1984 19 39 10
10 26 1984 02 21 52    -100.675863  10 25 1984 19 39 10
10 27 1984 01 59 57     -95.196452  10 26 1984 19 39 10
10 28 1984 03 19 20    -115.039890  10 27 1984 19 39 10
10 29 1984 02 57 25    -109.560388  10 28 1984 19 39 11
10 30 1984 02 35 30    -104.080844  10 29 1984 19 39 11
10 31 1984 02 13 36     -98.601260  10 30 1984 19 39 11
11 01 1984 01 51 41     -93.121637  10 31 1984 19 39 11
11 02 1984 03 11 03    -112.964857  11 01 1984 19 39 12
11 03 1984 02 49 08    -107.485160  11 02 1984 19 39 12
11 04 1984 02 27 13    -102.010722  11 03 1984 19 39 11
11 05 1984 02 05 18     -96.531806  11 04 1984 19 39 11
11 06 1984 01 43 23     -91.052846  11 05 1984 19 39 11
11 07 1984 03 02 46    -110.896772  11 06 1984 19 39 11
11 08 1984 02 40 51    -105.417728  11 07 1984 19 39 11
11 09 1984 02 18 56     -99.938645  11 08 1984 19 39 11
11 10 1984 01 57 01     -94.459525  11 09 1984 19 39 11
11 11 1984 03 16 24    -114.303287  11 10 1984 19 39 11
11 12 1984 02 54 29    -108.824097  11 11 1984 19 39 11
11 13 1984 02 32 34    -103.344875  11 12 1984 19 39 11
11 14 1984 02 10 39     -97.865623  11 13 1984 19 39 11
11 15 1984 01 48 44     -92.386342  11 14 1984 19 39 11
11 16 1984 03 08 06    -112.229940  11 15 1984 19 39 11
11 17 1984 02 46 11    -106.750605  11 16 1984 19 39 11
11 18 1984 02 24 16    -101.271247  11 17 1984 19 39 11
11 19 1984 02 02 21     -95.791866  11 18 1984 19 39 11
11 20 1984 03 21 44    -115.635363  11 19 1984 19 39 11
11 21 1984 02 59 49    -110.155940  11 20 1984 19 39 12
11 22 1984 02 37 54    -104.677197  11 21 1984 19 39 11
11 23 1984 02 15 59     -99.197954  11 22 1984 19 39 12
11 24 1984 01 54 04     -93.718701  11 23 1984 19 39 12
11 25 1984 03 13 27    -113.562348  11 24 1984 19 39 12
11 26 1984 02 51 32    -108.083078  11 25 1984 19 39 12
11 27 1984 02 29 37    -102.603801  11 26 1984 19 39 12
11 28 1984 02 07 42     -97.124518  11 27 1984 19 39 12
11 29 1984 01 45 47     -91.645231  11 28 1984 19 39 12
11 30 1984 03 05 09    -111.488847  11 29 1984 19 39 12
12 01 1984 02 43 14    -106.009552  11 30 1984 19 39 12
12 02 1984 02 21 19    -100.530254  12 01 1984 19 39 12
12 03 1984 01 59 24     -95.050954  12 02 1984 19 39 12
12 04 1984 03 18 46    -114.894560  12 03 1984 19 39 12
12 05 1984 02 56 51    -109.415258  12 04 1984 19 39 12
12 06 1984 02 34 56    -103.935955  12 05 1984 19 39 12
12 07 1984 02 13 01     -98.456652  12 06 1984 19 39 12
12 08 1984 01 51 06     -92.977348  12 07 1984 19 39 12
12 09 1984 03 10 29    -112.820952  12 08 1984 19 39 12
12 10 1984 02 48 34    -107.341649  12 09 1984 19 39 12
12 11 1984 02 26 39    -101.862346  12 10 1984 19 39 12
12 12 1984 02 04 44     -96.383042  12 11 1984 19 39 12
12 13 1984 01 42 49     -90.907730  12 12 1984 19 39 11
12 14 1984 03 02 12    -110.751689  12 13 1984 19 39 11
12 15 1984 02 40 17    -105.272720  12 14 1984 19 39 11
12 16 1984 02 18 22     -99.793753  12 15 1984 19 39 11
12 17 1984 01 56 27     -94.314787  12 16 1984 19 39 11
12 18 1984 03 15 49    -114.158752  12 17 1984 19 39 11
12 19 1984 02 53 54    -108.679787  12 18 1984 19 39 11
12 20 1984 02 31 59    -103.200820  12 19 1984 19 39 11
12 21 1984 02 10 04     -97.721851  12 20 1984 19 39 11
12 22 1984 01 48 09     -92.242879  12 21 1984 19 39 11
12 23 1984 03 07 32    -112.086834  12 22 1984 19 39 11
12 24 1984 02 45 37    -106.607853  12 23 1984 19 39 11
12 25 1984 02 23 42    -101.128865  12 24 1984 19 39 11
12 26 1984 02 01 47     -95.649871  12 25 1984 19 39 11
12 27 1984 03 21 09    -115.493795  12 26 1984 19 39 11
12 28 1984 02 59 14    -110.014781  12 27 1984 19 39 11
12 29 1984 02 37 19    -104.535756  12 28 1984 19 39 11
12 30 1984 02 15 24     -99.056717  12 29 1984 19 39 11
12 31 1984 01 53 29     -93.577665  12 30 1984 19 39 11
01 01 1985 03 12 52    -113.421520  12 31 1984 19 39 11
01 02 1985 02 50 57    -107.942433  01 01 1985 19 39 11
01 03 1985 02 29 02    -102.463328  01 02 1985 19 39 10
01 04 1985 02 07 07     -96.984202  01 03 1985 19 39 10
01 05 1985 01 45 12     -91.505055  01 04 1985 19 39 10
01 06 1985 03 04 34    -111.348800  01 05 1985 19 39 10
01 07 1985 02 42 39    -105.869602  01 06 1985 19 39 10
01 08 1985 02 20 44    -100.390378  01 07 1985 19 39 10
01 09 1985 01 58 49     -94.911125  01 08 1985 19 39 10
01 10 1985 03 18 11    -114.754750  01 09 1985 19 39 10
01 11 1985 02 56 16    -109.275434  01 10 1985 19 39 10
01 12 1985 02 34 21    -103.796085  01 11 1985 19 39 10
01 13 1985 02 12 26     -98.316701  01 12 1985 19 39 10
01 14 1985 01 50 31     -92.837281  01 13 1985 19 39 10
01 15 1985 03 09 54    -112.690994  01 14 1985 19 39 08
01 16 1985 02 47 58    -107.211893  01 15 1985 19 39 08
01 17 1985 02 26 03    -101.732758  01 16 1985 19 39 07
01 18 1985 02 04 08     -96.253587  01 17 1985 19 39 07
01 19 1985 01 42 13     -90.774379  01 18 1985 19 39 07
01 20 1985 03 01 35    -110.618042  01 19 1985 19 39 07
01 21 1985 02 39 40    -105.138752  01 20 1985 19 39 07
01 22 1985 02 17 45     -99.659421  01 21 1985 19 39 07
01 23 1985 01 55 50     -94.180046  01 22 1985 19 39 07
01 24 1985 03 15 12    -114.023523  01 23 1985 19 39 07
01 25 1985 02 53 17    -108.544055  01 24 1985 19 39 07
01 26 1985 02 31 22    -103.064540  01 25 1985 19 39 06
01 27 1985 02 09 27     -97.584978  01 26 1985 19 39 06
01 28 1985 01 47 31     -92.105366  01 27 1985 19 39 06
01 29 1985 03 06 54    -111.948583  01 28 1985 19 39 06
01 30 1985 02 44 58    -106.468867  01 29 1985 19 39 06
01 31 1985 02 23 03    -100.989099  01 30 1985 19 39 06
02 01 1985 02 01 08     -95.509278  01 31 1985 19 39 06
02 02 1985 03 20 30    -115.352269  02 01 1985 19 39 06
02 03 1985 02 58 35    -109.872338  02 02 1985 19 39 05
02 04 1985 02 36 40    -104.392354  02 03 1985 19 39 05
02 05 1985 02 14 44     -98.912314  02 04 1985 19 39 05
02 06 1985 01 52 49     -93.432220  02 05 1985 19 39 05
02 07 1985 03 12 11    -113.274916  02 06 1985 19 39 05
02 08 1985 02 50 16    -107.794708  02 07 1985 19 39 05
02 09 1985 02 28 20    -102.314445  02 08 1985 19 39 05
02 10 1985 02 06 25     -96.834127  02 09 1985 19 39 05
02 11 1985 01 44 29     -91.353754  02 10 1985 19 39 05
02 12 1985 03 03 52    -111.196151  02 11 1985 19 39 04
02 13 1985 02 41 56    -105.715665  02 12 1985 19 39 04
02 14 1985 02 20 00    -100.236561  02 13 1985 19 39 04
02 15 1985 01 58 05     -94.756618  02 14 1985 19 39 03
02 16 1985 03 17 27    -114.599447  02 15 1985 19 39 03
02 17 1985 02 55 31    -109.119339  02 16 1985 19 39 03
02 18 1985 02 33 36    -103.639151  02 17 1985 19 39 03
02 19 1985 02 11 40     -98.158886  02 18 1985 19 39 02
02 20 1985 01 49 45     -92.678544  02 19 1985 19 39 02
02 21 1985 03 09 07    -112.520949  02 20 1985 19 39 02
02 22 1985 02 47 11    -107.040449  02 21 1985 19 39 01
02 23 1985 02 25 16    -101.559875  02 22 1985 19 39 01
02 24 1985 02 03 20     -96.079227  02 23 1985 19 39 01
02 25 1985 01 41 24     -90.598508  02 24 1985 19 39 01
02 26 1985 03 00 46    -110.440515  02 25 1985 19 39 00
02 27 1985 02 38 50    -104.959650  02 26 1985 19 39 00
02 28 1985 02 16 55     -99.479226  02 27 1985 19 39 00
03 01 1985 01 54 59     -93.998590  02 28 1985 19 39 00
03 02 1985 03 14 21    -113.840726  03 01 1985 19 38 59
03 03 1985 02 52 26    -108.360018  03 02 1985 19 38 59
03 04 1985 02 30 30    -102.879276  03 03 1985 19 38 59
03 05 1985 02 08 34     -97.398503  03 04 1985 19 38 59
03 06 1985 01 46 39     -91.917700  03 05 1985 19 38 58
03 07 1985 03 06 00    -111.759666  03 06 1985 19 38 58
03 08 1985 02 44 05    -106.278806  03 07 1985 19 38 58
03 09 1985 02 22 09    -100.797921  03 08 1985 19 38 58
03 10 1985 02 00 13     -95.317013  03 09 1985 19 38 57
03 11 1985 03 19 35    -115.154837  03 10 1985 19 38 58
03 12 1985 02 57 39    -109.674172  03 11 1985 19 38 57
03 13 1985 02 35 43    -104.193480  03 12 1985 19 38 57
03 14 1985 02 13 48     -98.712763  03 13 1985 19 38 57
03 15 1985 01 51 52     -93.232022  03 14 1985 19 38 56
03 16 1985 03 11 14    -113.074062  03 15 1985 19 38 56
03 17 1985 02 49 18    -107.593279  03 16 1985 19 38 56
03 18 1985 02 27 22    -102.112477  03 17 1985 19 38 55
03 19 1985 02 05 27     -96.631658  03 18 1985 19 38 55
03 20 1985 01 43 31     -91.150824  03 19 1985 19 38 55
03 21 1985 03 02 53    -110.992773  03 20 1985 19 38 54
03 22 1985 02 40 57    -105.511912  03 21 1985 19 38 54
03 23 1985 02 19 01    -100.031041  03 22 1985 19 38 54
03 24 1985 01 57 05     -94.550161  03 23 1985 19 38 53
03 25 1985 03 16 27    -114.392066  03 24 1985 19 38 53
03 26 1985 02 54 31    -108.911170  03 25 1985 19 38 53
03 27 1985 02 32 35    -103.430270  03 26 1985 19 38 52
03 28 1985 02 10 40     -97.949366  03 27 1985 19 38 52
03 29 1985 01 48 44     -92.468460  03 28 1985 19 38 52
03 30 1985 03 08 06    -112.310344  03 29 1985 19 38 51
03 31 1985 02 46 10    -106.829436  03 30 1985 19 38 51
04 01 1985 02 24 14    -101.348528  03 31 1985 19 38 50
04 02 1985 02 02 18     -95.864749  04 01 1985 19 38 51
04 03 1985 03 21 40    -115.706962  04 02 1985 19 38 50
04 04 1985 02 59 44    -110.226372  04 03 1985 19 38 50
04 05 1985 02 37 49    -104.745793  04 04 1985 19 38 50
04 06 1985 02 15 53     -99.265225  04 05 1985 19 38 49
04 07 1985 01 53 57     -93.784671  04 06 1985 19 38 49
04 08 1985 03 13 19    -113.626948  04 07 1985 19 38 48
04 09 1985 02 51 23    -108.146420  04 08 1985 19 38 48
04 10 1985 02 29 28    -102.665905  04 09 1985 19 38 48
04 11 1985 02 07 32     -97.185405  04 10 1985 19 38 47
04 12 1985 01 45 36     -91.704917  04 11 1985 19 38 47
04 13 1985 03 04 58    -111.547268  04 12 1985 19 38 47
04 14 1985 02 43 02    -106.066809  04 13 1985 19 38 46
04 15 1985 02 21 07    -100.586363  04 14 1985 19 38 46
04 16 1985 01 59 11     -95.105931  04 15 1985 19 38 45
04 17 1985 03 18 33    -114.948340  04 16 1985 19 38 45
04 18 1985 02 56 37    -109.467934  04 17 1985 19 38 45
04 19 1985 02 34 41    -103.987541  04 18 1985 19 38 44
04 20 1985 02 12 46     -98.507159  04 19 1985 19 38 44
04 21 1985 01 50 50     -93.026788  04 20 1985 19 38 43
04 22 1985 03 10 12    -112.869260  04 21 1985 19 38 43
04 23 1985 02 48 16    -107.388910  04 22 1985 19 38 43
04 24 1985 02 26 20    -101.908569  04 23 1985 19 38 42
04 25 1985 02 04 25     -96.428235  04 24 1985 19 38 42
04 26 1985 01 42 29     -90.947909  04 25 1985 19 38 42
04 27 1985 03 01 51    -110.790423  04 26 1985 19 38 41
04 28 1985 02 39 55    -105.310108  04 27 1985 19 38 41
04 29 1985 02 17 59     -99.822871  04 28 1985 19 38 41
04 30 1985 01 56 03     -94.343246  04 29 1985 19 38 41
05 01 1985 03 15 25    -114.186498  04 30 1985 19 38 40
05 02 1985 02 53 29    -108.706858  05 01 1985 19 38 40
05 03 1985 02 31 34    -103.227209  05 02 1985 19 38 39
05 04 1985 02 09 38     -97.747548  05 03 1985 19 38 38
05 05 1985 01 47 42     -92.267874  05 04 1985 19 38 38
05 06 1985 03 07 04    -112.111065  05 05 1985 19 38 37
05 07 1985 02 45 08    -106.631359  05 06 1985 19 38 37
05 08 1985 02 23 13    -101.151636  05 07 1985 19 38 36
05 09 1985 02 01 17     -95.671894  05 08 1985 19 38 36
05 10 1985 03 20 39    -115.515004  05 09 1985 19 38 35
05 11 1985 02 58 43    -110.035216  05 10 1985 19 38 34
05 12 1985 02 36 47    -104.555404  05 11 1985 19 38 34
05 13 1985 02 14 51     -99.075566  05 12 1985 19 38 33
05 14 1985 01 52 56     -93.595700  05 13 1985 19 38 33
05 15 1985 03 12 17    -113.438668  05 14 1985 19 38 32
05 16 1985 02 50 22    -107.958739  05 15 1985 19 38 31
05 17 1985 02 28 26    -102.478777  05 16 1985 19 38 31
05 18 1985 02 06 30     -96.998781  05 17 1985 19 38 30
05 19 1985 01 44 34     -91.518749  05 18 1985 19 38 30
05 20 1985 03 03 56    -111.357755  05 19 1985 19 38 30
05 21 1985 02 42 00    -105.877583  05 20 1985 19 38 29
05 22 1985 02 20 04    -100.397365  05 21 1985 19 38 29
05 23 1985 01 58 08     -94.917101  05 22 1985 19 38 28
05 24 1985 03 17 30    -114.759622  05 23 1985 19 38 27
05 25 1985 02 55 34    -109.279257  05 24 1985 19 38 27
05 26 1985 02 33 38    -103.798840  05 25 1985 19 38 26
05 27 1985 02 11 42     -98.318372  05 26 1985 19 38 26
05 28 1985 01 49 46     -92.837849  05 27 1985 19 38 25
05 29 1985 03 09 08    -112.679292  05 28 1985 19 38 25
05 30 1985 02 47 12    -107.198644  05 29 1985 19 38 24
05 31 1985 02 25 16    -101.717937  05 30 1985 19 38 24
06 01 1985 02 03 20     -96.237171  05 31 1985 19 38 23
06 02 1985 01 41 24     -90.756345  06 01 1985 19 38 22
06 03 1985 03 00 45    -110.598249  06 02 1985 19 38 22
06 04 1985 02 38 49    -105.117296  06 03 1985 19 38 21
06 05 1985 02 16 53     -99.636280  06 04 1985 19 38 21
06 06 1985 01 54 57     -94.155200  06 05 1985 19 38 20
06 07 1985 03 14 19    -113.996831  06 06 1985 19 38 20
06 08 1985 02 52 23    -108.515619  06 07 1985 19 38 19
06 09 1985 02 30 27    -103.034342  06 08 1985 19 38 18
06 10 1985 02 08 31     -97.553001  06 09 1985 19 38 18
06 11 1985 01 46 34     -92.071595  06 10 1985 19 38 17
06 12 1985 03 05 56    -111.912873  06 11 1985 19 38 17
06 13 1985 02 44 00    -106.431332  06 12 1985 19 38 16
06 14 1985 02 22 03    -100.949726  06 13 1985 19 38 16
06 15 1985 02 00 07     -95.468054  06 14 1985 19 38 15
06 16 1985 03 19 27    -115.301474  06 15 1985 19 38 15
06 17 1985 02 57 31    -109.819926  06 16 1985 19 38 14
06 18 1985 02 35 35    -104.338321  06 17 1985 19 38 14
06 19 1985 02 13 39     -98.856659  06 18 1985 19 38 13
06 20 1985 01 51 43     -93.374940  06 19 1985 19 38 13
06 21 1985 03 11 04    -113.215893  06 20 1985 19 38 12
06 22 1985 02 49 07    -107.734059  06 21 1985 19 38 11
06 23 1985 02 27 11    -102.252169  06 22 1985 19 38 11
06 24 1985 02 05 15     -96.770226  06 23 1985 19 38 10
06 25 1985 01 43 19     -91.288230  06 24 1985 19 38 09
06 26 1985 03 02 40    -111.128890  06 25 1985 19 38 09
06 27 1985 02 40 43    -105.646786  06 26 1985 19 38 08
06 28 1985 02 18 47    -100.164632  06 27 1985 19 38 08
06 29 1985 01 56 51     -94.682429  06 28 1985 19 38 07
06 30 1985 03 16 12    -114.522872  06 29 1985 19 38 06
07 01 1985 02 54 15    -109.040572  06 30 1985 19 38 06
07 02 1985 02 32 19    -103.558226  07 01 1985 19 38 05
07 03 1985 02 10 23     -98.075836  07 02 1985 19 38 04
07 04 1985 01 48 26     -92.593403  07 03 1985 19 38 04
07 05 1985 03 07 47    -112.433609  07 04 1985 19 38 03
07 06 1985 02 45 51    -106.951094  07 05 1985 19 38 03
07 07 1985 02 23 54    -101.468540  07 06 1985 19 38 02
07 08 1985 02 01 58     -95.985951  07 07 1985 19 38 01
07 09 1985 03 21 19    -115.825995  07 08 1985 19 38 01
07 10 1985 02 59 23    -110.343336  07 09 1985 19 38 00
07 11 1985 02 37 26    -104.860646  07 10 1985 19 37 59
07 12 1985 02 15 30     -99.377926  07 11 1985 19 37 59
07 13 1985 01 53 33     -93.895179  07 12 1985 19 37 58
07 14 1985 03 12 54    -113.731559  07 13 1985 19 37 58
07 15 1985 02 50 57    -108.249038  07 14 1985 19 37 58
07 16 1985 02 29 01    -102.766483  07 15 1985 19 37 57
07 17 1985 02 07 04     -97.283895  07 16 1985 19 37 56
07 18 1985 01 45 08     -91.801277  07 17 1985 19 37 56
07 19 1985 03 04 29    -111.641297  07 18 1985 19 37 55
07 20 1985 02 42 32    -106.158621  07 19 1985 19 37 54
07 21 1985 02 20 36    -100.675920  07 20 1985 19 37 53
07 22 1985 01 58 39     -95.193194  07 21 1985 19 37 53
07 23 1985 03 18 00    -115.033105  07 22 1985 19 37 52
07 24 1985 02 56 03    -109.550335  07 23 1985 19 37 51
07 25 1985 02 34 07    -104.067419  07 24 1985 19 37 51
07 26 1985 02 12 10     -98.584663  07 25 1985 19 37 50
07 27 1985 01 50 14     -93.101869  07 26 1985 19 37 49
07 28 1985 03 09 35    -112.941718  07 27 1985 19 37 49
07 29 1985 02 47 38    -107.458899  07 28 1985 19 37 48
07 30 1985 02 25 41    -101.976069  07 29 1985 19 37 47
07 31 1985 02 03 45     -96.493231  07 30 1985 19 37 47
08 01 1985 01 41 48     -91.010385  07 31 1985 19 37 46
08 02 1985 03 01 09    -110.850186  08 01 1985 19 37 45
08 03 1985 02 39 13    -105.367328  08 02 1985 19 37 44
08 04 1985 02 17 16     -99.884466  08 03 1985 19 37 44
08 05 1985 01 55 20     -94.399065  08 04 1985 19 37 44
08 06 1985 03 14 40    -114.238963  08 05 1985 19 37 43
08 07 1985 02 52 44    -108.756203  08 06 1985 19 37 42
08 08 1985 02 30 47    -103.273446  08 07 1985 19 37 42
08 09 1985 02 08 51     -97.790692  08 08 1985 19 37 41
08 10 1985 01 46 54     -92.307941  08 09 1985 19 37 40
08 11 1985 03 06 15    -112.147855  08 10 1985 19 37 40
08 12 1985 02 44 19    -106.665113  08 11 1985 19 37 39
08 13 1985 02 22 22    -101.182376  08 12 1985 19 37 38
08 14 1985 02 00 26     -95.699643  08 13 1985 19 37 38
08 15 1985 03 19 47    -115.539577  08 14 1985 19 37 37
08 16 1985 02 57 50    -110.056854  08 15 1985 19 37 36
08 17 1985 02 35 54    -104.574136  08 16 1985 19 37 36
08 18 1985 02 13 57     -99.090561  08 17 1985 19 37 35
08 19 1985 01 52 00     -93.607876  08 18 1985 19 37 35
08 20 1985 03 11 21    -113.447823  08 19 1985 19 37 34
08 21 1985 02 49 25    -107.964843  08 20 1985 19 37 33
08 22 1985 02 27 28    -102.482148  08 21 1985 19 37 33
08 23 1985 02 05 32     -96.999454  08 22 1985 19 37 32
08 24 1985 01 43 35     -91.516761  08 23 1985 19 37 31
08 25 1985 03 02 56    -111.356733  08 24 1985 19 37 31
08 26 1985 02 41 00    -105.874040  08 25 1985 19 37 30
08 27 1985 02 19 03    -100.391345  08 26 1985 19 37 29
08 28 1985 01 57 07     -94.908647  08 27 1985 19 37 29
08 29 1985 03 16 28    -114.748610  08 28 1985 19 37 28
08 30 1985 02 54 31    -109.265904  08 29 1985 19 37 27
08 31 1985 02 32 35    -103.783193  08 30 1985 19 37 27
09 01 1985 02 10 38     -98.300474  08 31 1985 19 37 26
09 02 1985 01 48 41     -92.815776  09 01 1985 19 37 26
09 03 1985 03 08 02    -112.656232  09 02 1985 19 37 25
09 04 1985 02 46 06    -107.173981  09 03 1985 19 37 24
09 05 1985 02 24 09    -101.691719  09 04 1985 19 37 23
09 06 1985 02 02 13     -96.209444  09 05 1985 19 37 23
09 07 1985 03 21 34    -116.049849  09 06 1985 19 37 22
09 08 1985 02 59 37    -110.567543  09 07 1985 19 37 21
09 09 1985 02 37 41    -105.085220  09 08 1985 19 37 20
09 10 1985 02 15 44     -99.602877  09 09 1985 19 37 19
09 11 1985 01 53 48     -94.120514  09 10 1985 19 37 19
09 12 1985 03 13 09    -113.960815  09 11 1985 19 37 18
09 13 1985 02 51 12    -108.478404  09 12 1985 19 37 17
09 14 1985 02 29 15    -102.995800  09 13 1985 19 37 16
09 15 1985 02 07 19     -97.513445  09 14 1985 19 37 16
09 16 1985 01 45 22     -92.030963  09 15 1985 19 37 15
09 17 1985 03 04 43    -111.871111  09 16 1985 19 37 14
09 18 1985 02 42 47    -106.388534  09 17 1985 19 37 13
09 19 1985 02 20 50    -100.905908  09 18 1985 19 37 13
09 20 1985 01 58 53     -95.423232  09 19 1985 19 37 12
09 21 1985 03 18 14    -115.263166  09 20 1985 19 37 11
09 22 1985 02 56 17    -109.780381  09 21 1985 19 37 10
09 23 1985 02 34 21    -104.297543  09 22 1985 19 37 09
09 24 1985 02 12 24     -98.814648  09 23 1985 19 37 09
09 25 1985 01 50 27     -93.331695  09 24 1985 19 37 08
09 26 1985 03 09 48    -113.171373  09 25 1985 19 37 07
09 27 1985 02 47 52    -107.688611  09 26 1985 19 37 06
09 28 1985 02 25 55    -102.205794  09 27 1985 19 37 06
09 29 1985 02 03 58     -96.722924  09 28 1985 19 37 05
09 30 1985 01 42 02     -91.239997  09 29 1985 19 37 04
10 01 1985 03 01 22    -111.079655  09 30 1985 19 37 03
10 02 1985 02 39 25    -105.596609  10 01 1985 19 37 02
10 03 1985 02 17 29    -100.113504  10 02 1985 19 37 02
10 04 1985 01 55 32     -94.630339  10 03 1985 19 37 01
10 05 1985 03 14 53    -114.469736  10 04 1985 19 37 00
10 06 1985 02 52 56    -108.986443  10 05 1985 19 36 59
10 07 1985 02 30 59    -103.503088  10 06 1985 19 36 58
10 08 1985 02 09 02     -98.020342  10 07 1985 19 36 57
10 09 1985 01 47 05     -92.536665  10 08 1985 19 36 57
10 10 1985 03 06 26    -112.376226  10 09 1985 19 36 56
10 11 1985 02 44 29    -106.893074  10 10 1985 19 36 55
10 12 1985 02 22 32    -101.409850  10 11 1985 19 36 54
10 13 1985 02 00 35     -95.925210  10 12 1985 19 36 53
10 14 1985 03 19 56    -115.764430  10 13 1985 19 36 52
10 15 1985 02 57 59    -110.280968  10 14 1985 19 36 51
10 16 1985 02 36 02    -104.797441  10 15 1985 19 36 51
