10 13 1978 02 15 52    -168.982049  10 12 1978 14 59 57
10 14 1978 02 05 35    -166.402129  10 13 1978 14 59 58
10 15 1978 01 55 20    -163.822368  10 14 1978 15 00 02
10 16 1978 01 45 05    -161.254104  10 15 1978 15 00 04
10 17 1978 03 16 55     175.784800  10 17 1978 15 00 03
10 18 1978 03 06 38     178.363560  10 18 1978 15 00 05
10 19 1978 02 56 22    -179.058395  10 18 1978 15 00 08
10 20 1978 02 46 06    -176.490987  10 19 1978 15 00 08
10 21 1978 02 35 49    -173.907784  10 20 1978 15 00 12
10 22 1978 02 25 33    -171.333187  10 21 1978 15 00 13
10 23 1978 02 15 17    -168.763857  10 22 1978 15 00 13
10 24 1978 02 05 00    -166.189390  10 23 1978 15 00 15
10 25 1978 01 54 44    -163.609963  10 24 1978 15 00 17
10 26 1978 01 44 28    -161.035655  10 25 1978 15 00 19
10 27 1978 03 16 17     176.010176  10 27 1978 15 00 20
10 28 1978 03 06 00     178.587887  10 28 1978 15 00 21
10 29 1978 02 55 43    -178.835244  10 28 1978 15 00 23
10 30 1978 02 45 26    -176.256826  10 29 1978 15 00 25
10 31 1978 02 35 10    -173.680512  10 30 1978 15 00 26
11 01 1978 02 24 53    -171.101075  10 31 1978 15 00 29
11 02 1978 02 14 36    -168.526876  11 01 1978 15 00 30
11 03 1978 02 04 17    -165.947146  11 02 1978 15 00 30
11 04 1978 01 53 59    -163.364966  11 03 1978 15 00 31
11 05 1978 01 43 40    -160.782795  11 04 1978 15 00 33
11 06 1978 03 15 29     176.269522  11 06 1978 15 00 34
11 07 1978 03 05 15     178.845723  11 07 1978 15 00 38
11 08 1978 02 54 57    -178.573865  11 07 1978 15 00 39
11 09 1978 02 44 39    -175.993456  11 08 1978 15 00 41
11 10 1978 02 34 21    -173.413477  11 09 1978 15 00 42
11 11 1978 02 24 03    -170.828035  11 10 1978 15 00 45
11 12 1978 02 13 45    -168.248478  11 11 1978 15 00 45
11 12 1978 02 13 45    -168.248480  11 11 1978 15 00 45
11 13 1978 02 03 27    -165.663654  11 12 1978 15 00 48
11 13 1978 02 03 27    -165.665763  11 12 1978 15 00 47
11 14 1978 01 53 09    -163.080428  11 13 1978 15 00 49
11 15 1978 01 42 50    -160.498108  11 14 1978 15 00 51
11 16 1978 03 14 39     176.556853  11 16 1978 15 00 53
11 17 1978 03 04 21     179.141281  11 17 1978 15 00 55
11 18 1978 02 54 03    -178.275169  11 17 1978 15 00 57
11 19 1978 02 43 45    -175.691659  11 18 1978 15 00 59
11 20 1978 02 33 26    -173.107610  11 19 1978 15 01 00
11 21 1978 02 23 08    -170.522616  11 20 1978 15 01 02
11 22 1978 02 12 49    -167.937549  11 21 1978 15 01 04
11 23 1978 02 02 30    -165.357399  11 22 1978 15 01 04
11 24 1978 01 52 12    -162.768379  11 23 1978 15 01 07
11 25 1978 03 24 00     174.286306  11 25 1978 15 01 09
11 26 1978 03 13 41     176.872700  11 26 1978 15 01 11
11 27 1978 03 03 22     179.458906  11 27 1978 15 01 12
11 28 1978 02 53 04    -177.955629  11 27 1978 15 01 14
11 29 1978 02 42 45    -175.370148  11 28 1978 15 01 16
11 30 1978 02 32 25    -172.778610  11 29 1978 15 01 18
12 01 1978 02 22 06    -170.192113  11 30 1978 15 01 20
12 02 1978 02 11 47    -167.606240  12 01 1978 15 01 21
12 03 1978 02 01 27    -165.018462  12 02 1978 15 01 23
12 03 1978 02 01 28    -165.019163  12 02 1978 15 01 23
12 04 1978 01 51 08    -162.430700  12 03 1978 15 01 25
12 05 1978 03 22 56     174.630870  12 05 1978 15 01 27
12 06 1978 03 12 36     177.219328  12 06 1978 15 01 29
12 07 1978 03 02 17     179.810670  12 07 1978 15 01 31
12 08 1978 02 51 57    -177.600498  12 07 1978 15 01 33
12 09 1978 02 41 37    -175.011463  12 08 1978 15 01 34
12 10 1978 02 31 18    -172.422344  12 09 1978 15 01 36
12 11 1978 02 20 57    -169.830959  12 10 1978 15 01 38
12 12 1978 02 10 37    -167.239445  12 11 1978 15 01 40
12 13 1978 02 00 17    -164.648814  12 12 1978 15 01 41
12 14 1978 01 49 57    -162.057016  12 13 1978 15 01 43
12 15 1978 03 21 44     175.006253  12 15 1978 15 01 45
12 16 1978 03 11 23     177.600465  12 16 1978 15 01 48
12 17 1978 03 01 03    -179.807753  12 16 1978 15 01 49
12 18 1978 02 50 43    -177.213968  12 17 1978 15 01 51
12 19 1978 02 40 22    -174.620359  12 18 1978 15 01 53
12 20 1978 02 30 02    -172.027580  12 19 1978 15 01 55
12 21 1978 02 19 41    -169.433222  12 20 1978 15 01 57
12 22 1978 02 09 20    -166.839553  12 21 1978 15 01 58
12 23 1978 01 58 59    -164.242817  12 22 1978 15 02 01
12 24 1978 01 48 38    -161.646287  12 23 1978 15 02 03
12 24 1978 01 48 38    -161.647347  12 23 1978 15 02 03
12 25 1978 03 20 24     175.418304  12 25 1978 15 02 05
12 25 1978 03 20 24     175.419417  12 25 1978 15 02 05
12 26 1978 03 10 03     178.014616  12 26 1978 15 02 07
12 27 1978 02 59 42    -179.389135  12 26 1978 15 02 09
12 28 1978 02 49 21    -176.793400  12 27 1978 15 02 11
12 29 1978 02 39 00    -174.198588  12 28 1978 15 02 12
12 30 1978 02 28 39    -171.603480  12 29 1978 15 02 14
12 31 1978 02 18 17    -169.005906  12 30 1978 15 02 16
01 01 1979 02 07 56    -166.410782  12 31 1978 15 02 18
01 02 1979 01 57 34    -163.811691  01 01 1979 15 02 19
01 03 1979 01 47 12    -161.212831  01 02 1979 15 02 21
01 04 1979 03 18 57     175.860947  01 04 1979 15 02 23
01 05 1979 03 08 35     178.459422  01 05 1979 15 02 25
01 06 1979 02 58 13    -178.942809  01 05 1979 15 02 27
01 07 1979 02 47 51    -176.342452  01 06 1979 15 02 29
01 08 1979 02 37 29    -173.740528  01 07 1979 15 02 31
01 09 1979 02 27 07    -171.139515  01 08 1979 15 02 33
01 10 1979 02 16 44    -168.537247  01 09 1979 15 02 35
01 11 1979 02 06 21    -165.935232  01 10 1979 15 02 37
01 12 1979 01 55 58    -163.330777  01 11 1979 15 02 39
01 12 1979 01 55 59    -163.334876  01 11 1979 15 02 39
01 13 1979 01 45 36    -160.729493  01 12 1979 15 02 41
01 14 1979 03 17 20     176.346175  01 14 1979 15 02 43
01 15 1979 03 06 57     178.951421  01 15 1979 15 02 45
01 16 1979 02 56 34    -178.443849  01 15 1979 15 02 47
01 17 1979 02 46 11    -175.840826  01 16 1979 15 02 49
01 18 1979 02 35 47    -173.235994  01 17 1979 15 02 51
01 19 1979 02 25 24    -170.630357  01 18 1979 15 02 53
01 20 1979 02 15 01    -168.026479  01 19 1979 15 02 55
01 21 1979 02 04 37    -165.419055  01 20 1979 15 02 57
01 22 1979 01 54 14    -162.810593  01 21 1979 15 02 59
01 23 1979 01 43 50    -160.205259  01 22 1979 15 03 01
01 24 1979 03 15 33     176.877462  01 24 1979 15 03 04
01 25 1979 03 05 10     179.483269  01 25 1979 15 03 06
01 26 1979 02 54 45    -177.906117  01 25 1979 15 03 08
01 27 1979 02 44 21    -175.299718  01 26 1979 15 03 10
01 28 1979 02 33 57    -172.690728  01 27 1979 15 03 11
01 29 1979 02 23 33    -170.080422  01 28 1979 15 03 13
01 30 1979 02 13 09    -167.473166  01 29 1979 15 03 15
01 31 1979 02 02 43    -164.857868  01 30 1979 15 03 17
02 01 1979 01 52 19    -162.246643  01 31 1979 15 03 19
02 02 1979 03 24 01     174.836799  02 02 1979 15 03 22
02 03 1979 03 13 36     177.447997  02 03 1979 15 03 24
02 04 1979 03 03 11    -179.939252  02 03 1979 15 03 25
02 04 1979 03 03 11    -179.939255  02 03 1979 15 03 25
02 05 1979 02 52 46    -177.327728  02 04 1979 15 03 27
02 05 1979 02 52 46    -177.327877  02 04 1979 15 03 28
02 06 1979 02 42 21    -174.715776  02 05 1979 15 03 29
02 07 1979 02 31 55    -172.094025  02 06 1979 15 03 33
02 08 1979 02 21 30    -169.479294  02 07 1979 15 03 35
02 09 1979 02 11 04    -166.862876  02 08 1979 15 03 37
02 10 1979 02 00 39    -164.243110  02 09 1979 15 03 40
02 11 1979 01 50 13    -161.626655  02 10 1979 15 03 42
02 12 1979 03 21 53     175.457275  02 12 1979 15 03 43
02 13 1979 03 11 27     178.072187  02 13 1979 15 03 45
02 14 1979 03 01 01    -179.311022  02 13 1979 15 03 46
02 15 1979 02 50 35    -176.692981  02 14 1979 15 03 48
02 16 1979 02 40 08    -174.068611  02 15 1979 15 03 52
02 17 1979 02 29 42    -171.449507  02 16 1979 15 03 54
02 18 1979 02 19 15    -168.823182  02 17 1979 15 03 57
02 19 1979 02 08 48    -166.203522  02 18 1979 15 03 59
02 20 1979 01 58 21    -163.579150  02 19 1979 15 04 02
02 21 1979 01 47 54    -160.959106  02 20 1979 15 04 04
02 22 1979 03 19 34     176.133777  02 22 1979 15 04 06
02 23 1979 03 09 04     178.761213  02 23 1979 15 04 07
02 24 1979 02 58 37    -178.615004  02 23 1979 15 04 09
02 25 1979 02 48 09    -175.990090  02 24 1979 15 04 12
02 26 1979 02 37 41    -173.364344  02 25 1979 15 04 14
02 27 1979 02 27 13    -170.738577  02 26 1979 15 04 16
02 28 1979 02 16 44    -168.107907  02 27 1979 15 04 18
03 01 1979 02 06 16    -165.482594  02 28 1979 15 04 20
03 02 1979 01 55 47    -162.849936  03 01 1979 15 04 23
03 02 1979 01 55 47    -162.852530  03 01 1979 15 04 23
03 03 1979 01 45 19    -160.223324  03 02 1979 15 04 25
03 03 1979 01 45 19    -160.223325  03 02 1979 15 04 25
03 04 1979 03 16 56     176.879201  03 04 1979 15 04 27
03 05 1979 03 06 27     179.508096  03 05 1979 15 04 29
03 06 1979 02 55 58    -177.862735  03 05 1979 15 04 31
03 07 1979 02 45 29    -175.230982  03 06 1979 15 04 34
03 08 1979 02 34 59    -172.598321  03 07 1979 15 04 36
03 09 1979 02 24 30    -169.965386  03 08 1979 15 04 38
03 10 1979 02 13 59    -167.321099  03 09 1979 15 04 42
03 11 1979 02 03 30    -164.686561  03 10 1979 15 04 45
03 12 1979 01 52 59    -162.049028  03 11 1979 15 04 47
03 13 1979 01 42 28    -159.406337  03 12 1979 15 04 51
03 14 1979 03 14 05     177.703137  03 14 1979 15 04 53
03 15 1979 03 03 33    -179.668810  03 14 1979 15 04 53
03 16 1979 02 53 03    -177.033030  03 15 1979 15 04 55
03 17 1979 02 42 32    -174.396584  03 16 1979 15 04 57
03 18 1979 02 32 00    -171.753276  03 17 1979 15 05 00
03 19 1979 02 21 29    -169.109672  03 18 1979 15 05 02
03 20 1979 02 10 56    -166.462365  03 19 1979 15 05 05
03 21 1979 02 00 25    -163.820186  03 20 1979 15 05 08
03 22 1979 01 49 53    -161.171160  03 21 1979 15 05 12
03 23 1979 03 21 27     175.939096  03 23 1979 15 05 12
03 24 1979 03 10 54     178.580482  03 24 1979 15 05 13
03 25 1979 03 00 22    -178.775328  03 24 1979 15 05 16
03 26 1979 02 49 49    -176.132341  03 25 1979 15 05 18
03 26 1979 02 49 49    -176.133116  03 25 1979 15 05 17
03 27 1979 02 39 16    -173.487943  03 26 1979 15 05 19
03 27 1979 02 39 16    -173.487949  03 26 1979 15 05 19
03 28 1979 02 28 42    -170.821699  03 27 1979 15 05 25
03 29 1979 02 18 09    -168.173813  03 28 1979 15 05 27
03 30 1979 02 07 35    -165.523200  03 29 1979 15 05 30
03 31 1979 01 57 01    -162.861638  03 30 1979 15 05 35
04 01 1979 01 46 28    -160.209494  03 31 1979 15 05 37
04 02 1979 03 17 59     176.915316  04 02 1979 15 05 39
04 03 1979 03 07 24     179.563816  04 03 1979 15 05 39
04 04 1979 02 56 50    -177.785251  04 03 1979 15 05 42
04 05 1979 02 46 16    -175.140768  04 04 1979 15 05 42
04 06 1979 02 35 40    -172.488848  04 05 1979 15 05 43
04 07 1979 02 25 04    -169.822374  04 06 1979 15 05 47
04 08 1979 02 14 29    -167.158518  04 07 1979 15 05 50
04 09 1979 02 03 53    -164.490888  04 08 1979 15 05 55
04 10 1979 01 53 17    -161.832121  04 09 1979 15 05 57
04 11 1979 01 42 41    -159.173097  04 10 1979 15 05 59
04 12 1979 03 14 11     177.960607  04 12 1979 15 06 02
04 13 1979 03 03 35    -179.385449  04 12 1979 15 06 03
04 14 1979 02 52 59    -176.723349  04 13 1979 15 06 05
04 15 1979 02 42 22    -174.062309  04 14 1979 15 06 08
04 16 1979 02 31 46    -171.398061  04 15 1979 15 06 10
04 17 1979 02 21 10    -168.736109  04 16 1979 15 06 13
04 18 1979 02 10 33    -166.069456  04 17 1979 15 06 16
04 19 1979 01 59 55    -163.400336  04 18 1979 15 06 19
04 20 1979 01 49 19    -160.735643  04 19 1979 15 06 22
04 21 1979 03 20 47     176.403808  04 21 1979 15 06 24
04 21 1979 03 20 47     176.403811  04 21 1979 15 06 24
04 22 1979 03 10 10     179.067520  04 22 1979 15 06 26
04 22 1979 03 10 10     179.067526  04 22 1979 15 06 26
04 23 1979 02 59 33    -178.267527  04 22 1979 15 06 28
04 24 1979 02 48 56    -175.602310  04 23 1979 15 06 31
04 25 1979 02 38 19    -172.938552  04 24 1979 15 06 34
04 26 1979 02 27 40    -170.265377  04 25 1979 15 06 36
04 27 1979 02 17 02    -167.592441  04 26 1979 15 06 40
04 28 1979 02 06 24    -164.922411  04 27 1979 15 06 43
04 29 1979 01 55 46    -162.254281  04 28 1979 15 06 45
04 30 1979 01 45 08    -159.583676  04 29 1979 15 06 48
05 01 1979 03 16 36     177.557022  05 01 1979 15 06 49
05 02 1979 03 05 57    -179.775165  05 01 1979 15 06 51
05 03 1979 02 55 19    -177.107928  05 02 1979 15 06 53
05 04 1979 02 44 41    -174.439251  05 03 1979 15 06 55
05 05 1979 02 34 02    -171.767180  05 04 1979 15 06 58
05 06 1979 02 23 23    -169.091585  05 05 1979 15 07 01
05 07 1979 02 12 44    -166.412995  05 06 1979 15 07 05
05 08 1979 02 02 05    -163.742201  05 07 1979 15 07 07
05 09 1979 01 51 26    -161.062768  05 08 1979 15 07 11
05 10 1979 03 22 53     176.085607  05 10 1979 15 07 13
05 11 1979 03 12 14     178.752579  05 11 1979 15 07 14
05 11 1979 03 12 14     178.752583  05 11 1979 15 07 14
05 12 1979 03 01 34    -178.573388  05 11 1979 15 07 17
05 12 1979 03 01 35    -178.573575  05 11 1979 15 07 17
05 13 1979 02 50 55    -175.898362  05 12 1979 15 07 19
05 14 1979 02 40 16    -173.221243  05 13 1979 15 07 22
05 15 1979 02 29 36    -170.543477  05 14 1979 15 07 26
05 16 1979 02 18 56    -167.866205  05 15 1979 15 07 28
05 17 1979 02 08 16    -165.186630  05 16 1979 15 07 31
05 18 1979 01 57 36    -162.506378  05 17 1979 15 07 35
05 19 1979 01 46 56    -159.827447  05 18 1979 15 07 38
05 20 1979 03 18 22     177.323430  05 20 1979 15 07 40
05 21 1979 03 07 42     179.998331  05 21 1979 15 07 42
05 22 1979 02 57 02    -177.324365  05 21 1979 15 07 44
05 23 1979 02 46 22    -174.648993  05 22 1979 15 07 46
05 24 1979 02 35 41    -171.968601  05 23 1979 15 07 49
05 25 1979 02 25 01    -169.284596  05 24 1979 15 07 52
05 26 1979 02 14 20    -166.602959  05 25 1979 15 07 55
05 27 1979 02 03 39    -163.918288  05 26 1979 15 07 59
05 27 1979 02 03 39    -163.918700  05 26 1979 15 07 59
05 28 1979 01 52 58    -161.235543  05 27 1979 15 08 02
05 29 1979 01 42 18    -158.561194  05 28 1979 15 08 03
05 30 1979 03 13 42     178.597860  05 30 1979 15 08 06
05 31 1979 03 03 02    -178.724293  05 30 1979 15 08 08
06 01 1979 02 52 21    -176.043371  05 31 1979 15 08 11
06 02 1979 02 41 40    -173.360091  06 01 1979 15 08 14
06 03 1979 02 30 59    -170.674529  06 02 1979 15 08 17
06 04 1979 02 20 17    -167.990602  06 03 1979 15 08 20
06 05 1979 02 09 36    -165.306683  06 04 1979 15 08 23
06 06 1979 01 58 55    -162.625560  06 05 1979 15 08 25
06 07 1979 01 48 14    -159.942552  06 06 1979 15 08 27
06 08 1979 03 19 38     177.217802  06 08 1979 15 08 30
06 09 1979 03 08 56     179.903989  06 09 1979 15 08 33
06 10 1979 02 58 14    -177.410675  06 09 1979 15 08 35
06 11 1979 02 47 33    -174.731059  06 10 1979 15 08 37
06 12 1979 02 36 51    -172.043323  06 11 1979 15 08 41
06 13 1979 02 26 09    -169.355857  06 12 1979 15 08 44
06 14 1979 02 15 27    -166.665642  06 13 1979 15 08 47
06 15 1979 02 04 45    -163.977642  06 14 1979 15 08 50
06 16 1979 01 54 03    -161.296272  06 15 1979 15 08 52
06 17 1979 01 43 21    -158.608027  06 16 1979 15 08 55
06 18 1979 03 14 44     178.554585  06 18 1979 15 08 57
06 19 1979 03 04 02    -178.765365  06 18 1979 15 08 59
06 20 1979 02 53 20    -176.082739  06 19 1979 15 09 01
06 21 1979 02 42 38    -173.395293  06 20 1979 15 09 03
06 22 1979 02 31 56    -170.704785  06 21 1979 15 09 07
06 22 1979 02 31 56    -170.704787  06 21 1979 15 09 07
06 23 1979 02 21 13    -168.008028  06 22 1979 15 09 11
06 23 1979 02 21 13    -168.015268  06 22 1979 15 09 09
06 24 1979 02 10 31    -165.320204  06 23 1979 15 09 14
06 25 1979 01 59 48    -162.629145  06 24 1979 15 09 17
06 26 1979 01 49 05    -159.940258  06 25 1979 15 09 20
06 27 1979 03 20 28     177.226384  06 27 1979 15 09 23
06 28 1979 03 09 47     179.905841  06 28 1979 15 09 24
06 29 1979 02 59 04    -177.405330  06 28 1979 15 09 27
06 30 1979 02 48 21    -174.716520  06 29 1979 15 09 29
07 01 1979 02 37 39    -172.027729  06 30 1979 15 09 32
07 02 1979 02 26 56    -169.338956  07 01 1979 15 09 35
07 03 1979 02 16 13    -166.650202  07 02 1979 15 09 37
07 04 1979 02 05 31    -163.961465  07 03 1979 15 09 40
07 05 1979 01 54 48    -161.272745  07 04 1979 15 09 42
07 06 1979 01 44 04    -158.569148  07 05 1979 15 09 47
07 07 1979 03 15 27     178.598938  07 07 1979 15 09 50
07 08 1979 03 04 43    -178.710531  07 07 1979 15 09 53
07 09 1979 02 54 00    -176.019693  07 08 1979 15 09 56
07 10 1979 02 43 17    -173.328548  07 09 1979 15 09 58
07 11 1979 02 32 34    -170.637094  07 10 1979 15 10 01
07 12 1979 02 21 50    -167.945332  07 11 1979 15 10 04
07 13 1979 02 11 07    -165.251395  07 12 1979 15 10 07
07 14 1979 02 00 24    -162.558615  07 13 1979 15 10 09
07 15 1979 01 49 40    -159.865540  07 14 1979 15 10 12
07 16 1979 03 21 02     177.305941  07 16 1979 15 10 15
07 18 1979 02 59 35    -177.306638  07 17 1979 15 10 21
07 19 1979 02 48 51    -174.613717  07 18 1979 15 10 24
07 20 1979 02 38 08    -171.920358  07 19 1979 15 10 27
07 21 1979 02 27 24    -169.226844  07 20 1979 15 10 29
07 22 1979 02 16 40    -166.533175  07 21 1979 15 10 32
07 23 1979 02 05 56    -163.839350  07 22 1979 15 10 35
07 24 1979 01 55 13    -161.145368  07 23 1979 15 10 38
07 25 1979 01 44 29    -158.451227  07 24 1979 15 10 40
07 26 1979 03 15 50     178.721243  07 26 1979 15 10 43
07 27 1979 03 05 06    -178.584286  07 26 1979 15 10 46
07 28 1979 02 54 22    -175.889653  07 27 1979 15 10 49
07 29 1979 02 43 38    -173.194858  07 28 1979 15 10 52
07 30 1979 02 32 54    -170.495976  07 29 1979 15 10 55
07 31 1979 02 22 10    -167.800423  07 30 1979 15 10 58
08 01 1979 02 11 26    -165.104722  07 31 1979 15 11 01
08 02 1979 02 00 42    -162.408872  08 01 1979 15 11 04
08 03 1979 01 49 57    -159.712872  08 02 1979 15 11 06
08 04 1979 03 21 19     177.461581  08 04 1979 15 11 09
08 05 1979 03 10 34    -179.842105  08 04 1979 15 11 12
08 06 1979 02 59 50    -177.145638  08 05 1979 15 11 15
08 07 1979 02 49 05    -174.449017  08 06 1979 15 11 18
08 08 1979 02 38 21    -171.752241  08 07 1979 15 11 20
08 09 1979 02 27 37    -169.055309  08 08 1979 15 11 23
08 10 1979 02 16 52    -166.358219  08 09 1979 15 11 26
08 11 1979 02 06 07    -163.657400  08 10 1979 15 11 29
08 12 1979 01 55 22    -160.959996  08 11 1979 15 11 32
08 13 1979 01 44 38    -158.262459  08 12 1979 15 11 35
08 14 1979 03 15 58     178.913621  08 14 1979 15 11 38
08 15 1979 03 05 14    -178.388565  08 14 1979 15 11 40
08 16 1979 02 54 29    -175.688137  08 15 1979 15 11 43
08 17 1979 02 43 44    -172.989483  08 16 1979 15 11 46
08 18 1979 02 32 59    -170.290603  08 17 1979 15 11 49
08 19 1979 02 22 14    -167.591496  08 18 1979 15 11 52
08 20 1979 02 11 28    -164.889123  08 19 1979 15 11 55
08 21 1979 02 00 43    -162.189161  08 20 1979 15 11 58
08 22 1979 01 49 58    -159.488936  08 21 1979 15 12 01
08 23 1979 03 21 18     177.694071  08 23 1979 15 12 04
08 24 1979 03 10 32    -179.605014  08 23 1979 15 12 07
08 25 1979 02 59 47    -176.903874  08 24 1979 15 12 10
08 26 1979 02 49 01    -174.202507  08 25 1979 15 12 13
08 27 1979 02 38 15    -171.498721  08 26 1979 15 12 16
08 28 1979 02 27 30    -168.796084  08 27 1979 15 12 18
08 29 1979 02 16 44    -166.093043  08 28 1979 15 12 21
08 30 1979 02 05 57    -163.388452  08 29 1979 15 12 24
08 31 1979 01 55 11    -160.684229  08 30 1979 15 12 27
09 01 1979 01 44 25    -157.979539  08 31 1979 15 12 30
09 02 1979 03 15 44     179.204574  09 02 1979 15 12 33
09 03 1979 03 04 57    -178.084142  09 02 1979 15 12 37
09 04 1979 02 54 11    -175.378624  09 03 1979 15 12 40
09 05 1979 02 43 25    -172.673030  09 04 1979 15 12 43
09 06 1979 02 32 38    -169.970859  09 05 1979 15 12 45
09 07 1979 02 21 51    -167.264458  09 06 1979 15 12 47
09 08 1979 02 11 04    -164.552443  09 07 1979 15 12 51
09 09 1979 02 00 17    -161.844911  09 08 1979 15 12 54
09 10 1979 01 49 30    -159.137086  09 09 1979 15 12 57
09 11 1979 03 20 48     178.053087  09 11 1979 15 13 01
09 12 1979 03 10 01    -179.238805  09 11 1979 15 13 04
09 13 1979 02 59 14    -176.531384  09 12 1979 15 13 07
09 14 1979 02 48 27    -173.819861  09 13 1979 15 13 10
09 15 1979 02 37 39    -171.109807  09 14 1979 15 13 13
09 16 1979 02 26 52    -168.399229  09 15 1979 15 13 16
09 17 1979 02 16 04    -165.685889  09 16 1979 15 13 19
09 18 1979 02 05 16    -162.974630  09 17 1979 15 13 22
09 19 1979 01 54 28    -160.265349  09 18 1979 15 13 24
09 20 1979 01 43 40    -157.552787  09 19 1979 15 13 27
09 21 1979 03 14 57     179.639967  09 21 1979 15 13 30
09 22 1979 03 04 09    -177.644245  09 21 1979 15 13 34
09 23 1979 02 53 20    -174.930276  09 22 1979 15 13 37
09 24 1979 02 42 32    -172.215813  09 23 1979 15 13 40
09 25 1979 02 31 43    -169.499632  09 24 1979 15 13 43
09 26 1979 02 20 54    -166.783798  09 25 1979 15 13 46
09 27 1979 02 10 05    -164.062983  09 26 1979 15 13 50
09 27 1979 02 10 05    -164.064975  09 26 1979 15 13 49
09 28 1979 01 59 16    -161.345498  09 27 1979 15 13 53
09 29 1979 01 48 27    -158.628007  09 28 1979 15 13 56
09 30 1979 03 19 42     178.569310  09 30 1979 15 13 59
10 01 1979 03 08 52    -178.710521  09 30 1979 15 14 02
10 02 1979 02 58 02    -175.989319  10 01 1979 15 14 05
10 03 1979 02 47 12    -173.268116  10 02 1979 15 14 08
10 04 1979 02 36 22    -170.547374  10 03 1979 15 14 11
10 05 1979 02 25 32    -167.825948  10 04 1979 15 14 14
10 06 1979 02 14 42    -165.104518  10 05 1979 15 14 17
10 07 1979 02 03 51    -162.373810  10 06 1979 15 14 21
10 08 1979 01 53 00    -159.648563  10 07 1979 15 14 24
10 09 1979 01 42 09    -156.923318  10 08 1979 15 14 28
10 10 1979 03 13 23    -179.718718  10 09 1979 15 14 31
10 11 1979 03 02 32    -176.990396  10 10 1979 15 14 34
10 12 1979 02 51 41    -174.269207  10 11 1979 15 14 36
10 13 1979 02 40 50    -171.542443  10 12 1979 15 14 39
10 14 1979 02 29 58    -168.815689  10 13 1979 15 14 42
10 15 1979 02 19 06    -166.083728  10 14 1979 15 14 46
10 16 1979 02 08 14    -163.353719  10 15 1979 15 14 49
10 17 1979 01 57 21    -160.616908  10 16 1979 15 14 53
10 18 1979 01 46 29    -157.884550  10 17 1979 15 14 56
10 19 1979 03 17 41     179.328678  10 19 1979 15 15 00
10 20 1979 03 06 48    -177.938989  10 19 1979 15 15 03
10 21 1979 02 55 56    -175.209553  10 20 1979 15 15 05
10 22 1979 02 45 01    -172.470698  10 21 1979 15 15 08
10 23 1979 02 34 07    -169.731835  10 22 1979 15 15 12
10 24 1979 02 23 13    -166.992964  10 23 1979 15 15 15
10 25 1979 02 12 19    -164.252276  10 24 1979 15 15 18
10 26 1979 02 01 24    -161.512258  10 25 1979 15 15 22
10 27 1979 01 50 30    -158.766805  10 26 1979 15 15 26
10 28 1979 03 21 39     178.458458  10 28 1979 15 15 29
10 29 1979 03 10 44    -178.797983  10 28 1979 15 15 33
10 30 1979 02 59 49    -176.054441  10 29 1979 15 15 36
10 31 1979 02 48 53    -173.315515  10 30 1979 15 15 37
11 01 1979 02 37 57    -170.568689  10 31 1979 15 15 41
11 02 1979 02 27 02    -167.824575  11 01 1979 15 15 44
11 03 1979 02 16 06    -165.077378  11 02 1979 15 15 47
11 04 1979 02 05 10    -162.329293  11 03 1979 15 15 51
11 05 1979 01 54 13    -159.579394  11 04 1979 15 15 54
11 06 1979 01 43 16    -156.829833  11 05 1979 15 15 57
11 07 1979 03 14 24    -179.597575  11 06 1979 15 16 00
11 08 1979 03 03 26    -176.843253  11 07 1979 15 16 04
11 09 1979 02 52 29    -174.090354  11 08 1979 15 16 07
11 10 1979 02 41 31    -171.334214  11 09 1979 15 16 11
11 11 1979 02 30 33    -168.577314  11 10 1979 15 16 14
11 12 1979 02 19 34    -165.818795  11 11 1979 15 16 17
11 13 1979 02 08 35    -163.057989  11 12 1979 15 16 21
11 14 1979 01 57 35    -160.296998  11 13 1979 15 16 24
11 15 1979 01 46 36    -157.533850  11 14 1979 15 16 27
11 16 1979 03 17 40     179.714160  11 16 1979 15 16 31
11 17 1979 03 06 39    -177.521421  11 16 1979 15 16 34
11 18 1979 02 55 39    -174.755107  11 17 1979 15 16 38
11 19 1979 02 44 38    -171.987144  11 18 1979 15 16 41
11 20 1979 02 33 37    -169.218281  11 19 1979 15 16 44
11 21 1979 02 22 35    -166.448224  11 20 1979 15 16 48
11 22 1979 02 11 33    -163.676972  11 21 1979 15 16 51
11 23 1979 02 00 31    -160.904524  11 22 1979 15 16 54
11 24 1979 01 49 30    -158.133965  11 23 1979 15 16 58
11 25 1979 03 20 32     179.121718  11 25 1979 15 17 02
11 26 1979 03 09 30    -178.105767  11 25 1979 15 17 05
11 27 1979 02 58 28    -175.332723  11 26 1979 15 17 08
11 28 1979 02 47 26    -172.558939  11 27 1979 15 17 12
11 29 1979 02 36 24    -169.784722  11 28 1979 15 17 15
11 30 1979 02 25 21    -167.009979  11 29 1979 15 17 19
12 01 1979 02 14 18    -164.234709  11 30 1979 15 17 22
12 02 1979 02 03 15    -161.456488  12 01 1979 15 17 26
12 03 1979 01 52 13    -158.680674  12 02 1979 15 17 29
12 04 1979 03 23 14     178.579497  12 04 1979 15 17 33
12 05 1979 03 12 11    -178.643996  12 04 1979 15 17 36
12 06 1979 03 01 08    -175.867291  12 05 1979 15 17 40
12 07 1979 02 50 05    -173.089872  12 06 1979 15 17 43
12 08 1979 02 39 01    -170.309551  12 07 1979 15 17 47
12 09 1979 02 27 57    -167.530083  12 08 1979 15 17 50
12 10 1979 02 16 53    -164.749963  12 09 1979 15 17 53
12 11 1979 02 05 49    -161.965775  12 10 1979 15 17 57
12 12 1979 01 54 45    -159.183034  12 11 1979 15 18 01
12 13 1979 01 43 40    -156.399425  12 12 1979 15 18 04
12 18 1979 02 30 17    -167.983815  12 17 1979 15 18 21
12 19 1979 02 19 11    -165.193317  12 18 1979 15 18 25
12 20 1979 02 08 05    -162.402442  12 19 1979 15 18 28
12 21 1979 01 56 59    -159.612662  12 20 1979 15 18 32
12 22 1979 01 45 53    -156.821634  12 21 1979 15 18 36
12 23 1979 03 16 50    -179.544961  12 22 1979 15 18 40
12 24 1979 03 05 44    -176.755114  12 23 1979 15 18 43
12 25 1979 02 54 38    -173.963205  12 24 1979 15 18 46
12 26 1979 02 43 31    -171.170893  12 25 1979 15 18 50
12 27 1979 02 32 24    -168.378014  12 26 1979 15 18 53
12 28 1979 02 21 17    -165.584860  12 27 1979 15 18 57
12 29 1979 02 10 10    -162.791301  12 28 1979 15 19 01
12 30 1979 01 59 03    -159.997334  12 29 1979 15 19 04
12 31 1979 01 47 55    -157.198526  12 30 1979 15 19 08
01 01 1980 03 18 52    -179.918865  12 31 1979 15 19 11
01 02 1980 03 07 45    -177.123989  01 01 1980 15 19 15
01 03 1980 02 56 37    -174.328605  01 02 1980 15 19 18
01 04 1980 02 45 30    -171.532713  01 03 1980 15 19 22
01 05 1980 02 34 22    -168.736314  01 04 1980 15 19 26
01 06 1980 02 23 14    -165.939407  01 05 1980 15 19 29
01 07 1980 02 12 06    -163.138166  01 06 1980 15 19 33
01 08 1980 02 00 58    -160.339044  01 07 1980 15 19 36
01 09 1980 01 49 49    -157.539253  01 08 1980 15 19 40
01 10 1980 03 20 45     179.746978  01 10 1980 15 19 44
01 11 1980 03 09 36    -177.451847  01 10 1980 15 19 47
01 12 1980 02 58 27    -174.647805  01 11 1980 15 19 51
01 13 1980 02 47 18    -171.844670  01 12 1980 15 19 55
01 14 1980 02 36 08    -169.040581  01 13 1980 15 19 58
01 15 1980 02 24 59    -166.235537  01 14 1980 15 20 02
01 16 1980 02 13 49    -163.427553  01 15 1980 15 20 06
01 17 1980 02 02 39    -160.620736  01 16 1980 15 20 10
01 18 1980 01 51 29    -157.813150  01 17 1980 15 20 13
01 19 1980 03 22 22     179.478021  01 19 1980 15 20 17
01 20 1980 03 11 12    -177.714436  01 19 1980 15 20 21
01 21 1980 03 00 02    -174.906576  01 20 1980 15 20 24
01 22 1980 02 48 52    -172.098400  01 21 1980 15 20 28
01 23 1980 02 37 41    -169.288130  01 22 1980 15 20 32
01 24 1980 02 26 30    -166.478473  01 23 1980 15 20 35
01 25 1980 02 15 20    -163.668306  01 24 1980 15 20 39
01 26 1980 02 04 09    -160.859774  01 25 1980 15 20 43
01 27 1980 01 52 59    -158.051375  01 26 1980 15 20 46
01 28 1980 03 23 52     179.244318  01 28 1980 15 20 51
01 29 1980 03 12 41    -177.947285  01 28 1980 15 20 54
01 30 1980 03 01 31    -175.138843  01 29 1980 15 20 58
01 31 1980 02 50 21    -172.330401  01 30 1980 15 21 01
02 01 1980 02 39 09    -169.516842  01 31 1980 15 21 05
02 02 1980 02 27 58    -166.705531  02 01 1980 15 21 09
02 03 1980 02 16 47    -163.893662  02 02 1980 15 21 12
02 04 1980 02 05 36    -161.080910  02 03 1980 15 21 16
02 05 1980 01 54 24    -158.268178  02 04 1980 15 21 20
02 06 1980 01 43 13    -155.454984  02 05 1980 15 21 24
02 07 1980 03 14 05    -178.154624  02 06 1980 15 21 28
02 08 1980 03 02 53    -175.340479  02 07 1980 15 21 32
02 09 1980 02 51 41    -172.525248  02 08 1980 15 21 35
02 10 1980 02 40 29    -169.709260  02 09 1980 15 21 39
02 11 1980 02 29 17    -166.892533  02 10 1980 15 21 43
02 12 1980 02 18 05    -164.075067  02 11 1980 15 21 47
02 13 1980 02 06 52    -161.258667  02 12 1980 15 21 50
02 14 1980 01 55 40    -158.440797  02 13 1980 15 21 54
02 15 1980 01 44 27    -155.622445  02 14 1980 15 21 58
02 16 1980 03 15 18    -178.316534  02 15 1980 15 22 02
02 17 1980 03 04 05    -175.497187  02 16 1980 15 22 06
02 18 1980 02 52 52    -172.677290  02 17 1980 15 22 10
02 19 1980 02 41 39    -169.857033  02 18 1980 15 22 13
02 20 1980 02 30 26    -167.036263  02 19 1980 15 22 17
02 21 1980 02 19 13    -164.214980  02 20 1980 15 22 21
02 22 1980 02 07 59    -161.393186  02 21 1980 15 22 25
02 23 1980 01 56 46    -158.570882  02 22 1980 15 22 29
02 24 1980 01 45 32    -155.749255  02 23 1980 15 22 32
02 25 1980 03 16 22    -178.439224  02 24 1980 15 22 37
02 26 1980 03 05 08    -175.616129  02 25 1980 15 22 40
02 27 1980 02 53 55    -172.793941  02 26 1980 15 22 44
02 28 1980 02 42 41    -169.970526  02 27 1980 15 22 48
02 29 1980 02 31 27    -167.146783  02 28 1980 15 22 52
03 01 1980 02 20 13    -164.321533  02 29 1980 15 22 56
03 02 1980 02 08 58    -161.496263  03 01 1980 15 22 59
03 03 1980 01 57 45    -158.668747  03 02 1980 15 23 04
03 04 1980 01 46 31    -155.843782  03 03 1980 15 23 08
03 05 1980 03 17 19    -178.528153  03 04 1980 15 23 12
03 06 1980 03 06 04    -175.701428  03 05 1980 15 23 16
03 12 1980 01 58 35    -158.733340  03 11 1980 15 23 39
03 13 1980 01 47 19    -155.903685  03 12 1980 15 23 43
03 14 1980 03 18 07    -178.586212  03 13 1980 15 23 47
03 15 1980 03 06 52    -175.756583  03 14 1980 15 23 50
03 16 1980 02 55 35    -172.914218  03 15 1980 15 23 55
03 17 1980 02 44 19    -170.081274  03 16 1980 15 23 59
03 18 1980 02 33 03    -167.248344  03 17 1980 15 24 03
03 19 1980 02 21 47    -164.414976  03 18 1980 15 24 07
03 20 1980 02 10 31    -161.581847  03 19 1980 15 24 11
03 21 1980 01 59 15    -158.748875  03 20 1980 15 24 15
03 22 1980 01 47 59    -155.914781  03 21 1980 15 24 19
03 23 1980 03 18 46    -178.592546  03 22 1980 15 24 23
03 24 1980 03 07 29    -175.758466  03 23 1980 15 24 27
03 25 1980 02 56 13    -172.922444  03 24 1980 15 24 31
03 26 1980 02 44 56    -170.086666  03 25 1980 15 24 35
03 27 1980 02 33 39    -167.248007  03 26 1980 15 24 39
03 28 1980 02 22 22    -164.409980  03 27 1980 15 24 43
03 29 1980 02 11 05    -161.571958  03 28 1980 15 24 47
03 30 1980 01 59 47    -158.734138  03 29 1980 15 24 51
03 31 1980 01 48 30    -155.894574  03 30 1980 15 24 55
04 01 1980 03 19 15    -178.565207  03 31 1980 15 25 00
04 02 1980 03 07 57    -175.724477  04 01 1980 15 25 04
04 03 1980 02 56 40    -172.883634  04 02 1980 15 25 08
04 04 1980 02 45 22    -170.042786  04 03 1980 15 25 12
04 05 1980 02 34 04    -167.201933  04 04 1980 15 25 15
04 06 1980 02 22 45    -164.352195  04 05 1980 15 25 20
04 07 1980 02 11 26    -161.506914  04 06 1980 15 25 24
04 08 1980 02 00 07    -158.661629  04 07 1980 15 25 28
04 09 1980 01 48 48    -155.816339  04 08 1980 15 25 32
04 10 1980 03 19 32    -178.482092  04 09 1980 15 25 37
04 11 1980 03 08 12    -175.633428  04 10 1980 15 25 40
04 12 1980 02 56 54    -172.788337  04 11 1980 15 25 44
04 13 1980 02 45 35    -169.943240  04 12 1980 15 25 48
04 14 1980 02 34 16    -167.098136  04 13 1980 15 25 52
04 15 1980 02 22 55    -164.239791  04 14 1980 15 25 57
04 16 1980 02 11 35    -161.389730  04 15 1980 15 26 01
04 17 1980 02 00 15    -158.538717  04 16 1980 15 26 05
04 18 1980 01 48 55    -155.687770  04 17 1980 15 26 10
04 22 1980 02 45 35    -169.785407  04 21 1980 15 26 26
04 23 1980 02 34 14    -166.930070  04 22 1980 15 26 31
04 24 1980 02 22 53    -164.075126  04 23 1980 15 26 35
04 25 1980 02 11 31    -161.220157  04 24 1980 15 26 39
04 26 1980 02 00 10    -158.360439  04 25 1980 15 26 43
04 27 1980 01 48 48    -155.503251  04 26 1980 15 26 47
04 28 1980 03 19 29    -178.156232  04 27 1980 15 26 52
04 29 1980 03 08 07    -175.298108  04 28 1980 15 26 56
04 30 1980 02 56 45    -172.439069  04 29 1980 15 27 00
05 01 1980 02 45 23    -169.580507  04 30 1980 15 27 04
05 02 1980 02 34 01    -166.721914  05 01 1980 15 27 08
05 03 1980 02 22 39    -163.860623  05 02 1980 15 27 12
05 04 1980 02 11 16    -160.998794  05 03 1980 15 27 17
05 05 1980 01 59 54    -158.136934  05 04 1980 15 27 21
05 06 1980 01 48 31    -155.275041  05 05 1980 15 27 25
05 07 1980 03 19 11    -177.920749  05 06 1980 15 27 30
05 08 1980 03 07 48    -175.058183  05 07 1980 15 27 34
05 09 1980 02 56 25    -172.194202  05 08 1980 15 27 38
05 10 1980 02 45 01    -169.329572  05 09 1980 15 27 42
05 11 1980 02 33 38    -166.463746  05 10 1980 15 27 46
05 12 1980 02 22 14    -163.597446  05 11 1980 15 27 51
05 13 1980 02 10 50    -160.731115  05 12 1980 15 27 55
05 14 1980 01 59 26    -157.864752  05 13 1980 15 27 59
05 15 1980 01 48 03    -154.998357  05 14 1980 15 28 03
05 16 1980 03 18 41    -177.641471  05 15 1980 15 28 07
05 17 1980 03 07 17    -174.769716  05 16 1980 15 28 13
05 18 1980 02 55 53    -171.898784  05 17 1980 15 28 17
05 19 1980 02 44 28    -169.027828  05 18 1980 15 28 21
05 20 1980 02 33 03    -166.156848  05 19 1980 15 28 25
05 21 1980 02 21 38    -163.285844  05 20 1980 15 28 30
05 22 1980 02 10 13    -160.414373  05 21 1980 15 28 34
05 23 1980 01 58 48    -157.542804  05 22 1980 15 28 38
05 24 1980 01 47 23    -154.671213  05 23 1980 15 28 42
05 25 1980 03 18 01    -177.308772  05 24 1980 15 28 47
05 26 1980 03 06 35    -174.433639  05 25 1980 15 28 51
05 27 1980 02 55 09    -171.558122  05 26 1980 15 28 55
05 28 1980 02 43 43    -168.682586  05 27 1980 15 28 59
05 29 1980 02 32 17    -165.807030  05 28 1980 15 29 04
05 30 1980 02 20 51    -162.931457  05 29 1980 15 29 08
05 31 1980 02 09 25    -160.055867  05 30 1980 15 29 12
06 01 1980 01 57 59    -157.180261  05 31 1980 15 29 16
06 02 1980 01 46 32    -154.297009  06 01 1980 15 29 21
06 03 1980 03 17 08    -176.925957  06 02 1980 15 29 25
06 04 1980 03 05 41    -174.046288  06 03 1980 15 29 30
06 05 1980 02 54 14    -171.166601  06 04 1980 15 29 34
06 06 1980 02 42 47    -168.286895  06 05 1980 15 29 38
06 07 1980 02 31 20    -165.404936  06 06 1980 15 29 43
06 08 1980 02 19 53    -162.524426  06 07 1980 15 29 47
06 09 1980 02 08 26    -159.643162  06 08 1980 15 29 52
06 10 1980 01 56 59    -156.762143  06 09 1980 15 29 56
06 11 1980 01 45 32    -153.881526  06 10 1980 15 30 00
06 12 1980 03 16 07    -176.508652  06 11 1980 15 30 05
06 13 1980 03 04 40    -173.627292  06 12 1980 15 30 09
06 14 1980 02 53 13    -170.745925  06 13 1980 15 30 14
06 15 1980 02 41 45    -167.860370  06 14 1980 15 30 18
06 16 1980 02 30 17    -164.976831  06 15 1980 15 30 23
06 17 1980 02 18 49    -162.093292  06 16 1980 15 30 27
06 18 1980 02 07 21    -159.209082  06 17 1980 15 30 31
06 19 1980 01 55 53    -156.324806  06 18 1980 15 30 36
06 20 1980 01 44 26    -153.440534  06 19 1980 15 30 40
06 21 1980 03 15 00    -176.065227  06 20 1980 15 30 44
06 22 1980 03 03 32    -173.180109  06 21 1980 15 30 49
06 23 1980 02 52 04    -170.294996  06 22 1980 15 30 53
06 24 1980 02 40 35    -167.409888  06 23 1980 15 30 57
06 25 1980 02 29 07    -164.524787  06 24 1980 15 31 01
06 26 1980 02 17 38    -161.635994  06 25 1980 15 31 06
06 27 1980 02 06 09    -158.748278  06 26 1980 15 31 10
06 28 1980 01 54 41    -155.860572  06 27 1980 15 31 14
06 29 1980 01 43 12    -152.970823  06 28 1980 15 31 19
06 30 1980 03 13 45    -175.590150  06 29 1980 15 31 23
07 01 1980 03 02 16    -172.701054  06 30 1980 15 31 28
07 02 1980 02 50 47    -169.811667  07 01 1980 15 31 32
07 03 1980 02 39 18    -166.922116  07 02 1980 15 31 37
07 04 1980 02 27 49    -164.032190  07 03 1980 15 31 41
07 05 1980 02 16 20    -161.143092  07 04 1980 15 31 45
07 06 1980 02 04 50    -158.252743  07 05 1980 15 31 50
07 07 1980 01 53 21    -155.362410  07 06 1980 15 31 54
07 08 1980 03 23 54    -177.980735  07 07 1980 15 31 59
07 09 1980 03 12 25    -175.090221  07 08 1980 15 32 03
07 10 1980 03 00 55    -172.199721  07 09 1980 15 32 08
07 11 1980 02 49 26    -169.310086  07 10 1980 15 32 12
07 12 1980 02 37 57    -166.419355  07 11 1980 15 32 16
07 13 1980 02 26 27    -163.528645  07 12 1980 15 32 21
07 14 1980 02 14 58    -160.637956  07 13 1980 15 32 25
07 15 1980 02 03 28    -157.744453  07 14 1980 15 32 30
07 16 1980 01 51 59    -154.852787  07 15 1980 15 32 34
07 17 1980 03 22 31    -177.468882  07 16 1980 15 32 39
07 18 1980 03 11 02    -174.577258  07 17 1980 15 32 43
07 19 1980 02 59 32    -171.685653  07 18 1980 15 32 47
07 20 1980 02 48 02    -168.787685  07 19 1980 15 32 53
07 21 1980 02 36 32    -165.894410  07 20 1980 15 32 57
07 22 1980 02 25 02    -163.001147  07 21 1980 15 33 01
07 23 1980 02 13 31    -160.104828  07 22 1980 15 33 06
07 24 1980 02 02 01    -157.210261  07 23 1980 15 33 10
07 25 1980 01 50 30    -154.314419  07 24 1980 15 33 15
07 26 1980 03 21 02    -176.927141  07 25 1980 15 33 20
07 27 1980 03 09 32    -174.032363  07 26 1980 15 33 24
07 28 1980 02 58 01    -171.135049  07 27 1980 15 33 29
07 29 1980 02 46 30    -168.237765  07 28 1980 15 33 33
07 30 1980 02 34 59    -165.340494  07 29 1980 15 33 37
07 31 1980 02 23 28    -162.443234  07 30 1980 15 33 42
08 01 1980 02 11 57    -159.545839  07 31 1980 15 33 46
08 04 1980 03 19 27    -176.361415  08 03 1980 15 34 00
08 05 1980 03 07 56    -173.464229  08 04 1980 15 34 04
08 06 1980 02 56 25    -170.565527  08 05 1980 15 34 09
08 07 1980 02 44 54    -167.667837  08 06 1980 15 34 13
08 08 1980 02 33 22    -164.770147  08 07 1980 15 34 18
08 09 1980 02 21 51    -161.868699  08 08 1980 15 34 22
08 10 1980 02 10 20    -158.969684  08 09 1980 15 34 27
08 11 1980 01 58 48    -156.070671  08 10 1980 15 34 31
08 12 1980 01 47 17    -153.171659  08 11 1980 15 34 36
08 13 1980 03 17 48    -175.780136  08 12 1980 15 34 40
08 14 1980 03 06 16    -172.880895  08 13 1980 15 34 45
08 15 1980 02 54 45    -169.981646  08 14 1980 15 34 49
08 16 1980 02 43 13    -167.077150  08 15 1980 15 34 55
08 17 1980 02 31 41    -164.176239  08 16 1980 15 34 59
08 18 1980 02 20 10    -161.275317  08 17 1980 15 35 03
08 19 1980 02 08 38    -158.375173  08 18 1980 15 35 08
08 20 1980 01 57 06    -155.473487  08 19 1980 15 35 12
08 21 1980 01 45 34    -152.571790  08 20 1980 15 35 16
08 22 1980 03 16 04    -175.177101  08 21 1980 15 35 21
08 23 1980 03 04 31    -172.270803  08 22 1980 15 35 26
08 24 1980 02 52 59    -169.367097  08 23 1980 15 35 31
08 25 1980 02 41 27    -166.463372  08 24 1980 15 35 35
08 26 1980 02 29 54    -163.559627  08 25 1980 15 35 40
08 27 1980 02 18 22    -160.655205  08 26 1980 15 35 44
08 28 1980 02 06 49    -157.751010  08 27 1980 15 35 49
08 29 1980 01 55 16    -154.846791  08 28 1980 15 35 53
08 30 1980 01 43 44    -151.940047  08 29 1980 15 35 58
08 31 1980 03 14 13    -174.542117  08 30 1980 15 36 03
09 01 1980 03 02 41    -171.637181  08 31 1980 15 36 08
09 02 1980 02 51 08    -168.732049  09 01 1980 15 36 12
09 03 1980 02 39 35    -165.824155  09 02 1980 15 36 17
09 04 1980 02 28 02    -162.917877  09 03 1980 15 36 21
09 05 1980 02 16 29    -160.011266  09 04 1980 15 36 26
09 06 1980 02 04 55    -157.104320  09 05 1980 15 36 30
09 07 1980 01 53 22    -154.197041  09 06 1980 15 36 35
09 08 1980 03 23 51    -176.796106  09 07 1980 15 36 40
09 09 1980 03 12 18    -173.888393  09 08 1980 15 36 44
09 10 1980 03 00 44    -170.980357  09 09 1980 15 36 49
09 11 1980 02 49 11    -168.071998  09 10 1980 15 36 53
09 12 1980 02 37 37    -165.163316  09 11 1980 15 36 58
09 13 1980 02 26 03    -162.248358  09 12 1980 15 37 03
09 14 1980 02 14 29    -159.337884  09 13 1980 15 37 08
09 15 1980 02 02 55    -156.426913  09 14 1980 15 37 12
09 16 1980 01 51 21    -153.517446  09 15 1980 15 37 17
09 17 1980 03 21 49    -176.112875  09 16 1980 15 37 22
09 18 1980 03 10 14    -173.200873  09 17 1980 15 37 26
09 19 1980 02 58 40    -170.289184  09 18 1980 15 37 31
09 20 1980 02 47 06    -167.376565  09 19 1980 15 37 35
09 21 1980 02 35 31    -164.464010  09 20 1980 15 37 40
09 22 1980 02 23 57    -161.551093  09 21 1980 15 37 44
09 23 1980 02 12 22    -158.637813  09 22 1980 15 37 49
09 24 1980 02 00 47    -155.724172  09 23 1980 15 37 53
09 25 1980 01 49 12    -152.810169  09 24 1980 15 37 58
09 26 1980 03 19 39    -175.401908  09 25 1980 15 38 03
09 27 1980 03 08 04    -172.487159  09 26 1980 15 38 07
09 28 1980 02 56 29    -169.572050  09 27 1980 15 38 12
09 29 1980 02 44 53    -166.642609  09 28 1980 15 38 19
09 30 1980 02 33 18    -163.727461  09 29 1980 15 38 24
10 01 1980 02 21 43    -160.811614  09 30 1980 15 38 28
10 02 1980 02 10 08    -157.895069  10 01 1980 15 38 33
10 03 1980 01 58 32    -154.977827  10 02 1980 15 38 38
10 04 1980 01 46 57    -152.059888  10 03 1980 15 38 42
10 05 1980 03 17 23    -174.647039  10 04 1980 15 38 47
10 06 1980 03 05 47    -171.727660  10 05 1980 15 38 52
10 07 1980 02 54 11    -168.807587  10 06 1980 15 38 57
10 08 1980 02 42 34    -165.886820  10 07 1980 15 39 01
10 09 1980 02 30 58    -162.965393  10 08 1980 15 39 06
10 10 1980 02 19 21    -160.043385  10 09 1980 15 39 11
10 11 1980 02 07 45    -157.121967  10 10 1980 15 39 15
10 12 1980 01 56 08    -154.199221  10 11 1980 15 39 20
10 13 1980 01 44 31    -151.275909  10 12 1980 15 39 25
10 14 1980 03 14 55    -173.857449  10 13 1980 15 39 30
10 15 1980 03 03 17    -170.927434  10 14 1980 15 39 35
10 16 1980 02 51 40    -168.001086  10 15 1980 15 39 40
10 17 1980 02 40 02    -165.073987  10 16 1980 15 39 44
10 18 1980 02 28 24    -162.146138  10 17 1980 15 39 49
10 19 1980 02 16 46    -159.217538  10 18 1980 15 39 54
10 20 1980 02 05 08    -156.288233  10 19 1980 15 39 58
10 21 1980 01 53 29    -153.358096  10 20 1980 15 40 03
10 22 1980 03 23 52    -175.932114  10 21 1980 15 40 08
10 23 1980 03 12 13    -173.000488  10 22 1980 15 40 13
10 24 1980 03 00 34    -170.068116  10 23 1980 15 40 18
10 25 1980 02 48 55    -167.135005  10 24 1980 15 40 22
10 26 1980 02 37 16    -164.198922  10 25 1980 15 40 28
10 27 1980 02 25 36    -161.265404  10 26 1980 15 40 33
10 28 1980 02 13 57    -158.331375  10 27 1980 15 40 37
10 29 1980 02 02 17    -155.395761  10 28 1980 15 40 42
10 29 1980 02 02 17    -155.396839  10 28 1980 15 40 42
10 30 1980 01 50 38    -152.460641  10 29 1980 15 40 47
10 31 1980 03 20 59    -175.029599  10 30 1980 15 40 52
11 01 1980 03 09 19    -172.093442  10 31 1980 15 40 57
11 02 1980 02 57 39    -169.150123  11 01 1980 15 41 03
11 03 1980 02 45 58    -166.211719  11 02 1980 15 41 08
11 04 1980 02 34 18    -163.272586  11 03 1980 15 41 12
11 05 1980 02 22 37    -160.333026  11 04 1980 15 41 17
11 06 1980 02 10 56    -157.392715  11 05 1980 15 41 22
11 07 1980 01 59 15    -154.451709  11 06 1980 15 41 27
11 08 1980 01 47 34    -151.510007  11 07 1980 15 41 32
11 09 1980 03 17 54    -174.071699  11 08 1980 15 41 37
11 10 1980 03 06 13    -171.126872  11 09 1980 15 41 42
11 11 1980 02 54 31    -168.182962  11 10 1980 15 41 47
11 12 1980 02 42 49    -165.238353  11 11 1980 15 41 52
11 13 1980 02 31 07    -162.293045  11 12 1980 15 41 57
11 14 1980 02 19 25    -159.347038  11 13 1980 15 42 02
11 15 1980 02 07 43    -156.399922  11 14 1980 15 42 07
11 16 1980 01 56 00    -153.453012  11 15 1980 15 42 12
11 17 1980 01 44 18    -150.505579  11 16 1980 15 42 17
11 18 1980 03 14 37    -173.060900  11 17 1980 15 42 22
11 19 1980 03 02 54    -170.112503  11 18 1980 15 42 27
11 20 1980 02 51 11    -167.163587  11 19 1980 15 42 32
11 21 1980 02 39 28    -164.214152  11 20 1980 15 42 37
11 22 1980 02 27 45    -161.262409  11 21 1980 15 42 42
11 23 1980 02 16 01    -158.311701  11 22 1980 15 42 47
11 24 1980 02 04 18    -155.360463  11 23 1980 15 42 51
11 25 1980 01 52 35    -152.410894  11 24 1980 15 42 56
11 26 1980 03 22 53    -174.963307  11 25 1980 15 43 02
11 27 1980 03 11 09    -172.010841  11 26 1980 15 43 06
11 28 1980 02 59 25    -169.058351  11 27 1980 15 43 11
11 29 1980 02 47 42    -166.105419  11 28 1980 15 43 16
11 30 1980 02 35 58    -163.152044  11 29 1980 15 43 21
12 01 1980 02 24 13    -160.196642  11 30 1980 15 43 26
12 02 1980 02 12 29    -157.241711  12 01 1980 15 43 31
12 03 1980 02 00 45    -154.286242  12 02 1980 15 43 36
12 04 1980 01 49 00    -151.330236  12 03 1980 15 43 41
12 05 1980 03 19 16    -173.876649  12 04 1980 15 43 46
12 06 1980 03 07 31    -170.919322  12 05 1980 15 43 51
12 07 1980 02 55 46    -167.961423  12 06 1980 15 43 56
12 08 1980 02 44 01    -165.002952  12 07 1980 15 44 01
12 09 1980 02 32 16    -162.044303  12 08 1980 15 44 05
12 10 1980 02 20 31    -159.084899  12 09 1980 15 44 10
12 11 1980 02 08 45    -156.125037  12 10 1980 15 44 15
12 12 1980 01 57 00    -153.164717  12 11 1980 15 44 20
12 13 1980 01 45 14    -150.203937  12 12 1980 15 44 25
12 14 1980 03 15 29    -172.745560  12 13 1980 15 44 30
12 15 1980 03 03 43    -169.783225  12 14 1980 15 44 35
12 16 1980 02 51 57    -166.820246  12 15 1980 15 44 40
12 17 1980 02 40 11    -163.856622  12 16 1980 15 44 45
12 18 1980 02 28 24    -160.891909  12 17 1980 15 44 50
12 19 1980 02 16 37    -157.926760  12 18 1980 15 44 55
12 20 1980 02 04 50    -154.960928  12 19 1980 15 45 00
12 21 1980 01 53 03    -151.994412  12 20 1980 15 45 05
12 22 1980 03 23 17    -174.529527  12 21 1980 15 45 10
12 23 1980 03 11 30    -171.562205  12 22 1980 15 45 15
12 24 1980 02 59 42    -168.593645  12 23 1980 15 45 20
12 25 1980 02 47 55    -165.624455  12 24 1980 15 45 25
12 26 1980 02 36 07    -162.654633  12 25 1980 15 45 30
12 27 1980 02 24 19    -159.684179  12 26 1980 15 45 35
12 28 1980 02 12 31    -156.714189  12 27 1980 15 45 39
12 29 1980 02 00 43    -153.743016  12 28 1980 15 45 44
12 30 1980 01 48 55    -150.772266  12 29 1980 15 45 49
12 31 1980 03 19 07    -173.302436  12 30 1980 15 45 55
01 01 1981 03 07 19    -170.329588  12 31 1980 15 45 59
01 02 1981 02 55 30    -167.356562  01 01 1981 15 46 04
01 03 1981 02 43 41    -164.383025  01 02 1981 15 46 09
01 04 1981 02 31 52    -161.408976  01 03 1981 15 46 14
01 05 1981 02 20 03    -158.434413  01 04 1981 15 46 19
01 06 1981 02 08 14    -155.459335  01 05 1981 15 46 24
01 07 1981 01 56 25    -152.483743  01 06 1981 15 46 29
01 08 1981 01 44 36    -149.507636  01 07 1981 15 46 34
01 09 1981 03 14 47    -172.032662  01 08 1981 15 46 39
01 10 1981 03 02 58    -169.055484  01 09 1981 15 46 44
01 11 1981 02 51 08    -166.077789  01 10 1981 15 46 49
01 12 1981 02 39 21    -163.112483  01 11 1981 15 46 54
01 13 1981 02 27 31    -160.132413  01 12 1981 15 46 59
01 14 1981 02 15 40    -157.152328  01 13 1981 15 47 04
01 15 1981 02 03 50    -154.172228  01 14 1981 15 47 09
01 16 1981 01 52 00    -151.192114  01 15 1981 15 47 14
01 17 1981 03 22 10    -173.713402  01 16 1981 15 47 19
01 18 1981 03 10 20    -170.733255  01 17 1981 15 47 24
01 19 1981 02 58 30    -167.753092  01 18 1981 15 47 29
01 20 1981 02 46 39    -164.772913  01 19 1981 15 47 34
01 21 1981 02 34 49    -161.792718  01 20 1981 15 47 39
01 22 1981 02 22 59    -158.812508  01 21 1981 15 47 44
01 23 1981 02 11 08    -155.832281  01 22 1981 15 47 49
01 24 1981 01 59 18    -152.805330  01 23 1981 15 48 05
01 25 1981 01 47 27    -149.822971  01 24 1981 15 48 10
01 26 1981 03 17 38    -172.341145  01 25 1981 15 48 16
01 27 1981 03 05 47    -169.358366  01 26 1981 15 48 21
01 28 1981 02 53 56    -166.372238  01 27 1981 15 48 26
01 29 1981 02 42 05    -163.388057  01 28 1981 15 48 32
01 30 1981 02 30 14    -160.403458  01 29 1981 15 48 37
01 31 1981 02 18 23    -157.418440  01 30 1981 15 48 42
02 01 1981 02 06 31    -154.432266  01 31 1981 15 48 47
02 02 1981 01 54 40    -151.446625  02 01 1981 15 48 53
02 03 1981 01 42 48    -148.460627  02 02 1981 15 48 58
02 04 1981 03 12 57    -170.973185  02 03 1981 15 49 04
02 05 1981 03 01 05    -167.985545  02 04 1981 15 49 09
02 06 1981 02 49 13    -164.997293  02 05 1981 15 49 14
02 07 1981 02 37 21    -162.007981  02 06 1981 15 49 19
02 08 1981 02 25 29    -159.018415  02 07 1981 15 49 25
02 09 1981 02 13 37    -156.028456  02 08 1981 15 49 30
02 10 1981 02 01 44    -153.038231  02 09 1981 15 49 35
02 11 1981 01 49 52    -150.047095  02 10 1981 15 49 41
02 12 1981 03 20 00    -172.556720  02 11 1981 15 49 46
02 13 1981 03 08 07    -169.565264  02 12 1981 15 49 52
02 14 1981 02 56 14    -166.570937  02 13 1981 15 49 57
02 15 1981 02 44 21    -163.578064  02 14 1981 15 50 02
02 16 1981 02 32 28    -160.584674  02 15 1981 15 50 08
02 17 1981 02 20 35    -157.591180  02 16 1981 15 50 13
02 18 1981 02 08 42    -154.597251  02 17 1981 15 50 18
02 19 1981 01 56 48    -151.602911  02 18 1981 15 50 24
02 20 1981 01 44 55    -148.608163  02 19 1981 15 50 29
02 21 1981 03 15 02    -171.113338  02 20 1981 15 50 35
02 22 1981 03 03 08    -168.117747  02 21 1981 15 50 40
02 23 1981 02 51 14    -165.118778  02 22 1981 15 50 46
02 24 1981 02 39 20    -162.122020  02 23 1981 15 50 51
02 25 1981 02 27 26    -159.124690  02 24 1981 15 50 57
02 26 1981 02 15 32    -156.126792  02 25 1981 15 51 02
02 27 1981 02 03 38    -153.128324  02 26 1981 15 51 07
02 28 1981 01 51 44    -150.129289  02 27 1981 15 51 13
03 01 1981 03 21 49    -172.629694  02 28 1981 15 51 18
